1.435185
1.434962
1.435034
1.43404
1.45131
1.440589
1.437053
1.432023
1.43349
1.445385
1.418707
1.343813
1.353631
1.366978
1.379963
1.388957
1.400843
1.408507
1.415355
1.423563
1.428324
1.43218
1.439207
1.445823
1.451617
1.460459
1.470447
1.477038
1.484959
1.493907
1.499584
1.504388
1.508927
1.515474
1.522202
1.528355
1.533639
1.537567
1.540782
1.544615
1.546897
1.548595
1.555696
1.574192
1.58557
1.593834
1.615243
1.615094
1.614583
1.614166
1.612992
1.612332
1.611035
1.610934
1.611078
1.611272
1.607304
1.606808
1.606791
1.605928
1.432733
1.433327
1.433343
1.432533
1.430896
1.429535
1.424543
1.426467
1.424204
1.444322
1.439948
1.436278
1.381343
1.378322
1.378714
1.381106
1.451983
1.386966
1.348959
1.351739
1.357815
1.365223
1.371607
1.377624
1.384951
1.39116
1.399394
1.405733
1.41226
1.417647
1.425233
1.430816
1.437691
1.44553
1.451139
1.456621
1.462585
1.467697
1.472833
1.477557
1.483082
1.488991
1.49541
1.500991
1.509763
1.513845
1.522231
1.525653
1.530597
1.53647
1.541017
1.544613
1.547431
1.552483
1.560825
1.589607
1.5909
1.531062
1.531675
1.593414
1.421879
1.422783
1.423336
1.400339
1.399572
1.400828
1.401595
1.423152
1.419541
1.416888
1.414183
1.361851
1.357753
1.359562
1.356431
1.312662
1.319171
1.327762
1.335899
1.342444
1.351658
1.357402
1.363764
1.370426
1.375483
1.38157
1.386577
1.39228
1.397737
1.404279
1.411147
1.418662
1.423078
1.42918
1.433252
1.438248
1.442667
1.445789
1.45038
1.471504
1.473212
1.477684
1.484417
1.49199
1.500264
1.515029
1.520662
1.526881
1.537774
1.564266
1.572908
1.517855
1.518673
1.516762
1.517969
1.518589
1.578599
1.574029
1.573548
1.57397
1.379751
1.415937
1.412396
1.4101
1.408468
1.398309
1.355574
1.434275
1.356
1.351193
1.360574
1.292712
1.296353
1.30123
1.307945
1.312497
1.318723
1.324171
1.329881
1.337616
1.342722
1.348942
1.354866
1.361753
1.370183
1.376613
1.385463
1.394969
1.40439
1.464515
1.490807
1.502273
1.534692
1.515819
1.518985
1.562455
1.573028
1.575382
1.544573
1.543576
1.541993
1.583558
1.583909
1.567734
1.56785
1.584795
1.585126
1.585654
1.585653
1.585726
1.585881
1.58674
1.585725
1.585672
1.585771
1.586226
1.586328
1.586087
1.536773
1.537205
1.41079
1.412878
1.414067
1.412442
1.408509
1.407879
1.40671
1.376555
1.376734
1.40316
1.404017
1.401447
1.403
1.353169
1.353614
1.35359
1.351359
1.301004
1.307236
1.315542
1.323804
1.331297
1.338844
1.346197
1.351296
1.359375
1.36549
1.370666
1.377584
1.383019
1.391521
1.397193
1.405811
1.412519
1.420032
1.426596
1.431704
1.438569
1.446083
1.453017
1.463324
1.471045
1.477082
1.483722
1.48845
1.496158
1.502769
1.513046
1.519287
1.529942
1.559575
1.563943
1.571267
1.577238
1.58058
1.581988
1.582158
1.5835
1.584296
1.584203
1.414829
1.412362
1.409945
1.409942
1.358354
1.35449
1.352969
1.353013
1.353505
1.348153
1.297397
1.305481
1.313178
1.318919
1.327131
1.332529
1.338265
1.345535
1.352183
1.357898
1.362463
1.368531
1.372935
1.378814
1.384528
1.390422
1.396351
1.401488
1.408674
1.414168
1.41995
1.426612
1.432621
1.440265
1.446799
1.456188
1.461853
1.468238
1.472342
1.477124
1.482572
1.489254
1.49539
1.503254
1.50921
1.525494
1.539101
1.516198
1.525833
1.527806
1.528193
1.576753
1.585095
1.587779
1.587731
1.590887
1.591705
1.697712
1.699723
1.611087
1.415857
1.415914
1.41564
1.414486
1.392327
1.411343
1.411743
1.412264
1.413051
1.413454
1.412762
1.412038
1.411254
1.356574
1.356922
1.357537
1.35835
1.359198
1.360212
1.364855
1.381499
1.315193
1.323435
1.331025
1.338958
1.347928
1.354528
1.362997
1.372255
1.380101
1.386758
1.394855
1.403963
1.4122
1.420015
1.429424
1.43983
1.446635
1.453572
1.460789
1.469102
1.477042
1.488476
1.496342
1.504617
1.51341
1.52402
1.534647
1.547902
1.557938
1.586659
1.590336
1.590585
1.590808
1.588549
1.577808
1.579411
1.57403
1.58253
1.57393
1.371946
1.37451
1.382357
1.401423
1.326279
1.330124
1.336037
1.342961
1.346763
1.355646
1.361666
1.369854
1.378314
1.387067
1.394028
1.40293
1.410807
1.41651
1.425293
1.430911
1.436672
1.443584
1.451705
1.45547
1.459854
1.464767
1.472496
1.479524
1.487816
1.496556
1.503978
1.510294
1.519637
1.525277
1.529652
1.537076
1.543305
1.547684
1.551158
1.553722
1.554606
1.554475
1.554496
1.557402
1.562052
1.582835
1.568263
1.568197
1.56912
1.568943
1.569327
1.569448
1.569145
1.569475
1.569684
1.568925
1.569216
1.569292
1.569892
1.569925
0
0
0
0
0
0
0
0
0
0
0
0
0
0
0
0
0
0
0
0
0
0
0
0
0
0
0
0
0
0
0
0
0
0
0
0
0
0
0
0
1.32477e-317
6.929335e-308
2.113976e-307
1.60219e-306
0
0
0
0
0
0
2.60043e-317
1.637315e+248
2.470328e-323
6.947227e-308
6.933986e-308
6.934546e-308
0
5.432322e-312
6.937704e-308
2.086036e-308
0
0
0
0
0
0
0
0
0
0
0
0
0
0
0
0
0
0
0
0
0
0
0
0
0
0
0
0
0
0
0
0
0
0
0
0
0
0
0
0
6.929201e-308
3.16202e-322
9.346084e-307
1.33512e-306
0
0
0
0
0
0
0
3.561573e-307
0
1.382258e-285
6.937178e-308
6.934209e-308
1.704789e+258
5.432322e-312
6.944104e-308
4.172056e-309
