-0.4989546
-0.4989825
-0.4989692
-0.4989747
-0.462475
-0.4475091
-0.4433003
-0.4323108
-0.4222521
-0.4381614
-0.3551053
-0.2473816
-0.225226
-0.2008566
-0.1691813
-0.1557637
-0.1364286
-0.1210313
-0.1128375
-0.09831744
-0.09014779
-0.08449443
-0.0780087
-0.07424635
-0.07459976
-0.0719482
-0.06809345
-0.06806028
-0.06679907
-0.06494518
-0.06432812
-0.06391235
-0.063408
-0.0618322
-0.06008783
-0.05916573
-0.05848465
-0.05960611
-0.06061365
-0.06182836
-0.06194433
-0.0637302
-0.06409135
-0.0334054
-0.04769025
-0.03964459
-0.05584452
-0.05549115
-0.05335164
-0.05240608
-0.05033398
-0.04953676
-0.04848242
-0.04738308
-0.04686845
-0.04549127
-0.04637949
-0.04619322
-0.0461693
-0.04566129
-0.4976719
-0.4949645
-0.493515
-0.4922998
-0.4910215
-0.4903499
-0.4905894
-0.4890871
-0.4864723
-0.4382823
-0.4336451
-0.4291264
-0.4183686
-0.415317
-0.4111328
-0.4021649
-0.4296727
-0.3537547
-0.2348198
-0.2278882
-0.2150311
-0.2004348
-0.1897987
-0.1797278
-0.1687711
-0.1611763
-0.149083
-0.1423957
-0.1349165
-0.1297846
-0.1228307
-0.1173197
-0.1121095
-0.1056865
-0.1011715
-0.09614255
-0.09156718
-0.08888657
-0.08748636
-0.08516373
-0.08317465
-0.08123053
-0.0790454
-0.0777522
-0.07231723
-0.07271776
-0.07027604
-0.07261765
-0.07512879
-0.07664575
-0.07744926
-0.07818525
-0.07872267
-0.07847448
-0.07739379
-0.0486108
-0.04975395
-0.03453346
-0.03523788
-0.04377843
-0.4968921
-0.4973892
-0.4963146
-0.4963843
-0.4959923
-0.4933863
-0.4883658
-0.440399
-0.4342129
-0.428124
-0.4140951
-0.4034011
-0.4023664
-0.3943096
-0.318001
-0.2549627
-0.2371758
-0.2182872
-0.2046005
-0.1945924
-0.1785652
-0.1677902
-0.1591714
-0.1475522
-0.1400379
-0.1331087
-0.1281726
-0.1218923
-0.1178942
-0.1137495
-0.1098293
-0.1010758
-0.09625097
-0.08968659
-0.08771408
-0.0958964
-0.1000574
-0.1024774
-0.1032781
-0.06900159
-0.06883995
-0.06824172
-0.0671092
-0.06695668
-0.06733775
-0.06762942
-0.07247106
-0.07581244
-0.07501812
-0.05117423
-0.04974208
-0.0307996
-0.0304908
-0.02872017
-0.02784474
-0.02691072
-0.04567337
-0.05013002
-0.05066802
-0.04951128
-0.4813568
-0.4323838
-0.4262204
-0.422113
-0.414449
-0.4154366
-0.4028749
-0.4232449
-0.388483
-0.3876629
-0.3328904
-0.2694631
-0.2557692
-0.2449879
-0.227205
-0.2173806
-0.2037848
-0.1932991
-0.18273
-0.16845
-0.159081
-0.1456915
-0.1358356
-0.1268232
-0.1165416
-0.1091381
-0.09980664
-0.09083552
-0.08534626
-0.06994509
-0.06195243
-0.06143757
-0.06607988
-0.07856143
-0.06073479
-0.03889005
-0.04029608
-0.0485232
-0.04802117
-0.04953914
-0.05047733
-0.0428078
-0.04323688
-0.07445224
-0.07455045
-0.04662824
-0.04663527
-0.04782934
-0.04863878
-0.04967467
-0.04913655
-0.03707061
-0.05036111
-0.05055029
-0.05030904
-0.04991218
-0.05027932
-0.05116887
-0.05472507
-0.0551952
-0.4845304
-0.4827419
-0.4807681
-0.4807184
-0.4765435
-0.476112
-0.4754699
-0.482505
-0.4819123
-0.427075
-0.4239295
-0.4111902
-0.413793
-0.3984142
-0.3967525
-0.3941624
-0.3315949
-0.2747377
-0.2597399
-0.2435225
-0.2285182
-0.2148961
-0.2060842
-0.1930795
-0.1821017
-0.1708991
-0.1619669
-0.1540144
-0.1423769
-0.1366522
-0.1275984
-0.1211987
-0.1127035
-0.1048704
-0.09808323
-0.09206142
-0.08798069
-0.0846775
-0.08152416
-0.07946301
-0.07338583
-0.07023455
-0.0690102
-0.06714569
-0.06591585
-0.06436273
-0.06453329
-0.06589493
-0.06729051
-0.06800252
-0.04144454
-0.0441932
-0.04950831
-0.0508387
-0.05186844
-0.05190063
-0.05078486
-0.0505225
-0.05078813
-0.05084186
-0.4313105
-0.4277031
-0.41347
-0.4167835
-0.399931
-0.4008683
-0.397549
-0.3948939
-0.3853448
-0.3198664
-0.2550094
-0.2417252
-0.2272624
-0.2162015
-0.2051613
-0.1974375
-0.189261
-0.1812777
-0.1695742
-0.1596535
-0.1530419
-0.1421398
-0.1363867
-0.1297772
-0.1239116
-0.1170683
-0.10799
-0.1028889
-0.09636512
-0.09154646
-0.0877815
-0.08381398
-0.08244245
-0.07910793
-0.07843228
-0.07399733
-0.07161305
-0.06952482
-0.06822205
-0.06697761
-0.06528338
-0.06489778
-0.06743871
-0.06719594
-0.06896946
-0.07012449
-0.04033961
-0.03035014
-0.02978126
-0.03011699
-0.02857987
-0.04102093
-0.04228223
-0.04324219
-0.04566458
-0.04696852
-0.04556994
-0.106945
-0.1095415
-0.05053881
-0.4894152
-0.4888459
-0.4861652
-0.4842973
-0.496166
-0.4349729
-0.4327748
-0.4279735
-0.4234937
-0.417583
-0.4140159
-0.4110251
-0.4078016
-0.4086257
-0.4063163
-0.4038709
-0.4013059
-0.3988965
-0.3890624
-0.3836482
-0.3287195
-0.2591479
-0.2468649
-0.2336504
-0.2205028
-0.2077259
-0.1987095
-0.1879079
-0.1743838
-0.1624169
-0.1503018
-0.1400002
-0.1321592
-0.1222007
-0.1168818
-0.1101848
-0.09706216
-0.09150203
-0.08873214
-0.08554229
-0.08281003
-0.07974079
-0.07441735
-0.07222161
-0.07114747
-0.06990799
-0.0680797
-0.07238953
-0.07483098
-0.07808281
-0.04320769
-0.04933061
-0.04702346
-0.0465381
-0.04383925
-0.03909079
-0.03864002
-0.07881342
-0.04217057
-0.07894999
-0.3662915
-0.4032415
-0.4006878
-0.3554413
-0.2888168
-0.2819273
-0.2688836
-0.251256
-0.2423207
-0.2232048
-0.2149787
-0.2037132
-0.1975846
-0.186865
-0.1746068
-0.162106
-0.1488785
-0.1406096
-0.1311018
-0.1245463
-0.1202149
-0.1142899
-0.1029881
-0.09603475
-0.09229799
-0.09142768
-0.08960252
-0.08635291
-0.08269447
-0.08056545
-0.07957834
-0.07814692
-0.07382803
-0.07283896
-0.07417675
-0.07483546
-0.07396559
-0.07389107
-0.07673508
-0.07693122
-0.07623786
-0.07609218
-0.07629684
-0.07458152
-0.07290879
-0.05262631
-0.07293075
-0.07438392
-0.07476819
-0.07549658
-0.07611407
-0.07715334
-0.07859697
-0.07869026
-0.07874128
-0.07979647
-0.07916467
-0.07941309
-0.07842042
-0.07754108
0
0
0
0
0
0
0
0
0
0
0
0
0
0
0
0
0
0
0
0
0
0
0
0
0
0
0
0
0
0
0
0
0
0
0
0
0
0
0
0
1.32477e-317
6.929335e-308
2.113976e-307
1.60219e-306
0
0
0
0
0
0
2.762325e-317
1.614453e+248
2.470328e-323
6.947227e-308
6.933986e-308
6.934546e-308
0
5.432322e-312
6.937704e-308
2.086036e-308
0
0
0
0
0
0
0
0
0
0
0
0
0
0
0
0
0
0
0
0
0
0
0
0
0
0
0
0
0
0
0
0
0
0
0
0
0
0
0
0
6.929201e-308
3.16202e-322
9.346084e-307
1.33512e-306
0
0
0
0
0
0
0
4.67411e-307
0
1.376361e-285
6.937178e-308
6.934209e-308
1.704789e+258
5.432322e-312
6.944104e-308
4.172056e-309
