0.354045
0.353937
0.3538762
0.3548143
0.341173
0.367189
0.3711263
0.3756703
0.3778093
0.3555604
0.4023862
0.4786932
0.4715871
0.461043
0.4525837
0.4407047
0.4236418
0.4101788
0.3983805
0.3853985
0.374191
0.3655418
0.3569779
0.3511238
0.3442336
0.3348139
0.3274856
0.3225564
0.3127784
0.3056508
0.3010354
0.293411
0.2872872
0.2796938
0.26967
0.2609797
0.2528768
0.2439774
0.2349073
0.2249675
0.2185398
0.2147199
0.207453
0.1869525
0.1740598
0.1755831
0.1997322
0.1958975
0.1921802
0.1888969
0.1844627
0.182625
0.1815286
0.1806647
0.178747
0.1772212
0.1661942
0.1646463
0.1643917
0.1627564
0.3451006
0.3468906
0.3476762
0.3480541
0.3480731
0.3479351
0.348024
0.3453978
0.3465143
0.3496162
0.3548824
0.3587976
0.4105992
0.4161729
0.4167258
0.4194308
0.3605558
0.4395906
0.4643356
0.4619781
0.454928
0.4494421
0.4445947
0.4387224
0.4332344
0.4256458
0.4202815
0.4138337
0.4047775
0.3996084
0.3921543
0.384969
0.3761767
0.3665782
0.3602322
0.3529651
0.3472079
0.3406399
0.3341886
0.3270477
0.3203711
0.3132686
0.3047168
0.2973148
0.2890261
0.2818848
0.2706127
0.2648913
0.2563347
0.2401595
0.2292964
0.2230347
0.2197662
0.2144776
0.202759
0.1793667
0.1759411
0.1898414
0.1896207
0.1754744
0.3247848
0.324678
0.3256368
0.3445392
0.3455751
0.3450736
0.3461344
0.3495835
0.355199
0.3584256
0.3632276
0.4125409
0.417274
0.4169071
0.4204317
0.4680035
0.4594764
0.4511079
0.4439568
0.439778
0.4328166
0.4273719
0.4202597
0.4144443
0.4092196
0.4016842
0.395763
0.3880967
0.3815709
0.3760067
0.3681294
0.3592706
0.3498701
0.3419704
0.3349666
0.3309863
0.3259341
0.3220415
0.3163179
0.2943318
0.2912994
0.285004
0.2749764
0.2653776
0.256308
0.2376848
0.2236266
0.2118091
0.2016435
0.1701402
0.1656203
0.1712409
0.1702494
0.1740362
0.1730084
0.1716872
0.1539023
0.154106
0.1542495
0.1539667
0.3535118
0.3494071
0.3547502
0.3552491
0.3581767
0.3511847
0.4080816
0.3328108
0.4130624
0.4173301
0.4084297
0.4770799
0.4753239
0.4710999
0.4662482
0.4610522
0.4540865
0.4482905
0.443053
0.4387163
0.432843
0.426197
0.4183951
0.4107551
0.4002758
0.387897
0.377674
0.3664302
0.3541459
0.3003626
0.2699682
0.2596493
0.2168719
0.2357216
0.2217685
0.1856102
0.1786038
0.1784275
0.2021746
0.2026175
0.2035485
0.1833828
0.1825309
0.1939424
0.1939983
0.1787678
0.1782461
0.1771277
0.1766943
0.1755825
0.1751696
0.1706543
0.1744571
0.1743311
0.1739032
0.1731964
0.1724578
0.1724758
0.2071271
0.2070848
0.3224035
0.3210602
0.3205307
0.322143
0.3249153
0.3256484
0.3275084
0.3526559
0.3532931
0.3543777
0.3551589
0.3489189
0.348687
0.4057189
0.4084606
0.4105531
0.4222562
0.4803574
0.4782683
0.4729975
0.4686249
0.4629212
0.4539671
0.4490829
0.4447588
0.4382496
0.4317244
0.4252978
0.4173975
0.4106035
0.4020219
0.392982
0.3809837
0.3698351
0.3599482
0.3495981
0.3437599
0.332745
0.3239132
0.3166403
0.3078727
0.299126
0.2918766
0.2819973
0.2727378
0.2617345
0.2526329
0.2334089
0.2218111
0.2074171
0.1782603
0.1757534
0.1725667
0.1731586
0.1713011
0.1706704
0.1695578
0.1680517
0.168213
0.1682171
0.3583473
0.3600171
0.3490922
0.3492467
0.3927632
0.3992961
0.4043289
0.4056956
0.4072979
0.4217737
0.47828
0.4761467
0.4715691
0.4670325
0.4604357
0.4547076
0.4493336
0.443522
0.4381585
0.4322063
0.4249797
0.4156051
0.40973
0.3999346
0.3913556
0.3807173
0.3701609
0.363151
0.3519921
0.3440756
0.3380198
0.3307304
0.3234878
0.3165967
0.3110248
0.3047131
0.2970207
0.289576
0.2823254
0.274253
0.2655488
0.2536609
0.2397698
0.2199668
0.2123973
0.1981353
0.1784789
0.1713524
0.1726627
0.1731902
0.1764864
0.1694221
0.1722308
0.1721688
0.1682798
0.1749098
0.1752754
0.1424992
0.1432165
0.1909171
0.3281615
0.3286283
0.3309321
0.3335001
0.349001
0.3640171
0.3640263
0.3640012
0.3631167
0.363044
0.364817
0.3684037
0.3682655
0.4106338
0.4113168
0.4107211
0.4100049
0.4100296
0.4127215
0.4141025
0.4079633
0.4818888
0.4774172
0.472053
0.4688792
0.4639233
0.455688
0.4480255
0.4418072
0.4353127
0.4257768
0.420045
0.4106996
0.3986978
0.3871842
0.3760995
0.3626842
0.353965
0.3461785
0.3366749
0.3270767
0.3197919
0.3108709
0.3045238
0.292932
0.2819624
0.271787
0.2614965
0.2410817
0.2306706
0.2117837
0.2008963
0.2011145
0.201903
0.2021849
0.2022934
0.2012106
0.2156028
0.199671
0.2152787
0.4371104
0.4216933
0.4152316
0.4095575
0.503817
0.5020437
0.4998914
0.4977477
0.4940019
0.4886944
0.4840362
0.4772462
0.4691526
0.461491
0.4543049
0.4485833
0.4388526
0.43064
0.4210229
0.4096832
0.3966201
0.3865305
0.3726029
0.3614188
0.3529856
0.3452196
0.3326047
0.3242077
0.3123222
0.3006875
0.2895802
0.2814426
0.2715184
0.2665012
0.2621413
0.253111
0.2459245
0.238497
0.2315899
0.2250822
0.2219276
0.2187501
0.215974
0.2117369
0.2068043
0.1847292
0.2021122
0.2018475
0.2000364
0.1998537
0.1985358
0.197195
0.1979446
0.1971637
0.1962799
0.1967158
0.1957527
0.196486
0.1951408
0.1941268
0
0
0
0
0
0
0
0
0
0
0
0
0
0
0
0
0
0
0
0
0
0
0
0
0
0
0
0
0
0
0
0
0
0
0
0
0
0
0
0
1.32477e-317
6.929335e-308
2.113976e-307
1.60219e-306
0
0
0
0
0
0
4.607933e-317
1.611813e+248
2.470328e-323
6.947227e-308
6.933986e-308
6.934546e-308
0
5.432322e-312
6.937704e-308
2.086036e-308
0
0
0
0
0
0
0
0
0
0
0
0
0
0
0
0
0
0
0
0
0
0
0
0
0
0
0
0
0
0
0
0
0
0
0
0
0
0
0
0
6.929201e-308
3.16202e-322
9.346084e-307
1.33512e-306
0
0
0
0
0
0
0
5.341341e-306
0
1.374383e-285
6.937178e-308
6.934209e-308
1.704789e+258
5.432322e-312
6.944104e-308
4.172056e-309
