1129.907
1130.504
1130.172
1131.044
1131.027
1130.084
1129.261
1130.052
1129.278
1128.392
1127.433
1126.524
1126.997
1129.722
1133.495
1128.577
1117.387
1105.586
1105.036
1100.42
1094.277
1087.55
1096.303
1112.74
1129.061
1137.235
1144.216
1148.721
1149.263
1129.529
1110.272
1088.235
1067.344
1060.279
1055.531
1050.12
1043.983
1043.914
1033.522
1049.941
1060.819
1070.001
1076.82
1081.441
1084.168
1068.77
1072.615
1076.923
1083.14
1086.774
1088.771
1095.121
1099.49
1103.748
1109.84
1113.44
1118.028
1121.892
1126.722
1128.818
1121.53
1121.496
1120.853
1119.984
1118.024
1116.599
1114.776
1114.873
1113.599
1111.28
1109.258
1110.202
1111.544
1119.595
1128.359
1123.328
1121.253
1107.459
1111.856
1109.992
1112.087
1114.538
1112.203
1108.431
1109.556
1122.879
1129.904
1137.651
1143.697
1148.067
1138.809
1126.712
1112.145
1091.978
1069.939
1050.262
1043.006
1036.609
1029.07
1022.355
1017.059
1012.378
1008.905
1007.667
1010.121
1008.61
1009.641
1014.782
1026.518
1061.77
1067.678
1072.988
1079.233
1084.46
1089.891
1094.78
1099.663
1104.24
1107.202
1111.067
1152.644
1153.438
1151.777
1148.345
1144.848
1142.134
1139.671
1136.829
1134.34
1134.382
1132.518
1132.74
1137.014
1139.687
1137.011
1138.576
1129.963
1104.942
1095.607
1093.257
1094.177
1123.098
1163.373
1209.987
1215.637
1205.801
1192.403
1173.083
1156.42
1145.964
1135.153
1124.745
1112.393
1066.957
1051.126
1047.064
1050.881
1047.306
1047.607
1051.964
1052.883
1055.337
1058.356
1060.296
1063.443
1066.859
1071.613
1075.176
1077.611
1081.315
1084.409
1087.551
1091.253
1095.099
1097.672
1100.639
1102.877
1104.646
1106.612
1108.685
1134.442
1134.567
1133.234
1132.721
1131.329
1130.363
1128.636
1127.717
1128.874
1129.446
1128.908
1127.593
1128.036
1128.055
1133.555
1141.894
1141.54
1126.076
1124.538
1127.905
1128.928
1131.786
1154.913
1178.189
1197.558
1210.923
1219.341
1222.464
1221.757
1218.595
1211.359
1199.102
1176.708
1137.282
1080.499
1058.504
1050.626
1045.925
1039.93
1029.12
1023.896
1021.489
1021.2
1021.81
1027.632
1038.473
1050.488
1058.688
1062.942
1064.705
1068.582
1072.934
1077.707
1082.761
1086.909
1091.57
1095.135
1098.775
1101.937
1105.103
1123.259
1123.384
1122.057
1119.251
1115.416
1112.435
1110.416
1106.017
1103.228
1103.345
1103.18
1104.339
1106.436
1110.416
1111.475
1108.738
1097.177
1081.444
1081.671
1081.678
1077.044
1078.374
1091.378
1122.139
1149.103
1161.74
1172.854
1179.814
1181.87
1180.9
1172.185
1151.504
1115.959
1076.967
1068.506
1060.849
1056.081
1047.902
1044.294
1043.077
1048.638
1068.281
1065.614
1069.72
1076.453
1079.953
1084.315
1089.953
1093.862
1096.661
1101.987
1107.026
1111.019
1115.135
1118.982
1123.454
1125.844
1127.982
1131.634
1133.071
1163.124
1163.983
1164.72
1165.515
1164.946
1165.185
1166.549
1167.73
1167.421
1166.938
1164.409
1159.326
1155.034
1152.688
1153.773
1161.008
1148.47
1140.829
1141.154
1140.492
1137.346
1131.213
1131.196
1147.157
1163.355
1172.008
1176.116
1176.669
1167.523
1146.378
1127.882
1104.822
1094.763
1090.75
1083.775
1075.916
1072.514
1090.998
1093.923
1086.515
1084.574
1087.636
1089.174
1090.198
1092.775
1095.028
1098.394
1103.988
1109.705
1113.885
1118.552
1123.167
1127.405
1130.219
1134.27
1136.38
1137.313
1138.617
1140.784
1141.516
1138.574
1137.27
1137.554
1136.735
1135.346
1130.558
1129.664
1126.058
1123.151
1116.833
1107.302
1096.201
1096.102
1104.676
1104.625
1105.278
1118.78
1134.8
1145.81
1152.917
1157.222
1153.164
1133.517
1110.676
1087.514
1077.31
1073.318
1065.038
1058.549
1049.194
1047.359
1047.88
1042.334
1040.216
1044.313
1078.559
1082.851
1089.951
1095.909
1102.556
1109.783
1116.245
1122.788
1128.975
1134.256
1141.256
1147.136
1152.331
1155.771
1158.163
1160.499
1162.578
1164.113
1165.044
1164.711
1163.578
1164.532
1164.052
1164.399
1164.619
1156.613
1155.691
1155.269
1154.458
1153.812
1150.204
1145.265
1141.407
1134.153
1126.393
1118.653
1107.948
1111.492
1115.543
1116.377
1112.646
1127.561
1152.682
1172.144
1176.977
1182.185
1184.661
1180.002
1161.837
1132.653
1096.319
1070.657
1064.228
1060.394
1057.293
1051.551
1078.408
1078.709
1066.775
1075.423
1085.901
1086.167
1092.278
1097.214
1102.088
1107.482
1112.122
1118.635
1125.313
1132.745
1138.399
1143.048
1148.886
1152.32
1155.607
1157.637
1158.747
1159.475
1160.733
1161.58
1162.967
1163.017
1163.513
1164.457
1166.836
1156.646
1155.954
1155.739
1154.878
1151.551
1147.155
1143.23
1138.41
1134.807
1131.811
1127.175
1122.326
1120.643
1120.492
1121.054
1114.334
1117.013
1114.154
1107.596
1101.438
1101.084
1095.454
1095.345
1095.526
1094.9
1098.029
1092.45
1090.423
1091.356
1090.226
1088.416
1086.301
1084.807
1086.906
1088.25
1088.75
1090.103
1093.696
1099.902
1103.277
1105.509
1107.479
1109.801
1113.238
1116.271
1119.888
1122.634
1124.677
1128.32
1131.441
1133.924
1136.428
1137.234
1137.905
1138.112
1138.2
1137.245
1136.817
1136.384
1136.293
1145.2
1145.817
1146.99
1147.95
1148.777
1150.132
1151.389
1152.826
1153.887
1154.856
1154.696
1154.709
1155.901
1158.555
1161.978
1166.083
1170.699
1168.568
1164.991
1158.779
1152.26
1142.721
1133.504
1129.553
1121.202
1112.122
1114.073
1107.815
1109.622
1104.318
1094.504
1089.272
1086.45
1084.157
1084.837
1081.787
1078.779
1079.86
1081.576
1084.113
1089
1095.433
1102.12
1108.141
1114.445
1120.911
1125.67
1131.512
1136.889
1142.819
1145.828
1148.427
1150.422
1152.214
1151.881
1151.637
1150.851
1150.504
1150.168
1149.18
