16.64307
27.75381
41.40982
57.53368
77.85319
97.57632
121.5634
145.7198
171.6987
203.5374
238.4791
270.8506
303.5031
333.5158
350.6953
355.7512
355.8172
332.6438
327.9358
319.6742
305.9939
285.6328
242.9684
182.8519
122.3115
73.66743
27.81107
-12.42385
-46.48871
-88.94214
-139.7719
-190.291
-236.3005
-268.9502
-283.8709
-296.4767
-301.9866
-295.8734
-305.6923
-301.6286
-291.5258
-283.0202
-272.812
-266.265
-256.7306
-235.1153
-216.6339
-197.8199
-181.6197
-164.8996
-146.8146
-131.7228
-115.4847
-101.755
-85.9638
-70.67968
-57.68538
-47.80719
-41.98748
-34.96478
-28.86633
-27.56881
-22.522
-14.48453
-1.00687
15.85245
50.44637
82.98134
116.7173
151.5146
187.7948
226.1581
261.1413
284.9336
307.929
316.526
312.7991
301.6556
299.7884
297.245
285.6487
272.7449
256.6731
226.7517
190.3649
142.5759
96.34868
47.56408
7.435687
-27.32127
-61.11943
-99.16109
-142.1251
-186.3408
-229.7025
-272.4552
-291.0527
-305.2587
-312.5621
-312.8485
-316.4281
-313.6251
-312.9971
-303.6228
-290.9958
-280.1504
-272.2295
-263.2549
-250.326
-228.2916
-213.5537
-198.1124
-184.4014
-168.7018
-157.2819
-142.0097
-129.3865
-116.1192
-101.8312
-93.74055
-54.03357
-47.91272
-35.03803
-8.983257
21.78321
62.7816
103.475
140.1467
180.3218
223.9263
254.399
277.6048
298.137
304.8861
300.3521
292.4445
256.9825
218.4707
181.1653
138.8613
92.80976
44.2208
2.921609
-35.09053
-64.71999
-91.94518
-122.0018
-153.1589
-181.331
-198.8688
-214.8082
-224.8402
-232.9125
-295.3219
-306.8475
-304.2401
-300.037
-295.416
-288.8495
-283.5207
-273.2765
-256.2577
-243.3447
-225.1575
-208.2802
-189.4012
-174.3075
-158.6274
-141.7375
-127.8358
-113.3411
-99.65078
-89.35658
-79.54857
-68.88893
-60.13692
-53.7182
-49.11151
-44.01293
-42.14423
-43.16184
-42.14729
-38.5257
-29.84188
-17.43364
-1.40561
20.8746
57.03378
90.99314
127.6873
159.1334
195.072
231.2103
258.6561
277.4148
293.6776
277.9167
252.5142
246.2538
240.3953
218.7566
191.1679
141.5203
100.1384
56.30588
19.11208
-15.75989
-49.59086
-73.95438
-98.16996
-123.6088
-150.6346
-183.259
-225.6207
-288.0087
-309.1817
-317.6381
-319.6659
-318.299
-319.5346
-320.6205
-307.1867
-294.2123
-288.8069
-284.7576
-277.6359
-262.8549
-245.3312
-223.1579
-196.1181
-175.2605
-156.365
-137.6108
-121.2476
-104.7975
-89.9465
-78.93225
-68.05449
-60.2844
-53.9464
-23.99422
-18.05814
-7.407155
7.730005
36.07912
64.26866
96.62561
131.9994
163.5564
198.6308
230.6671
257.7659
279.7923
298.465
308.6319
316.5726
315.8217
292.5397
278.5517
258.3296
235.9284
199.5735
153.6404
98.55441
48.26178
7.960542
-33.80764
-66.35976
-97.69196
-132.7722
-170.1336
-215.583
-282.7309
-345.6035
-371.7363
-388.9544
-391.2415
-372.3517
-364.9729
-344.7896
-325.8176
-314.7242
-303.4801
-290.2326
-270.1057
-245.8249
-220.5848
-196.7606
-176.0374
-155.6459
-138.4804
-122.2969
-102.6228
-86.41055
-71.95167
-58.62636
-48.48508
-42.08942
-38.29955
-33.90933
-24.78544
-19.18819
-10.79192
-0.53068
16.97814
37.31602
58.22813
86.30402
113.5114
142.6638
170.1289
201.4362
235.1501
266.3694
293.5934
306.2771
289.5052
282.3664
270.5096
257.4805
241.3377
212.3889
175.1099
124.8132
79.85246
38.62363
-1.22965
-38.77214
-77.10327
-123.2394
-174.7752
-221.5869
-258.964
-277.2822
-286.8019
-295.4285
-292.0384
-292.8825
-285.6023
-290.7065
-282.6059
-262.4997
-240.5039
-217.0438
-193.8143
-173.159
-150.2123
-129.7895
-111.4348
-90.67915
-70.37074
-51.51162
-34.65993
-17.02488
-3.321425
4.137576
8.742867
11.12484
13.04164
14.56731
37.96384
55.28033
79.13387
107.6948
137.5271
169.8659
209.5257
235.0266
255.1261
271.4503
261.8973
244.3018
233.5178
217.9365
195.9501
157.6611
108.5159
63.61815
20.27738
-23.03239
-59.53728
-96.83054
-147.8444
-202.2141
-258.5471
-292.613
-307.7004
-317.7408
-321.3278
-317.4914
-309.0353
-294.8871
-283.9466
-278.7587
-267.1107
-255.3304
-226.3344
-201.5376
-182.6727
-163.7861
-146.7923
-127.9717
-107.8579
-87.8436
-67.19749
-48.62112
-30.01967
-16.22551
-6.179718
3.098855
10.43173
16.58743
20.5501
25.29473
26.79025
28.57711
29.05895
29.2826
29.53369
27.27642
10.92443
25.18949
46.44162
71.68051
101.9146
132.9482
169.9677
205.8838
236.0015
254.9561
247.9501
242.2281
230.7503
218.7898
200.8163
169.6122
126.2087
80.73662
38.69512
0.654602
-38.70425
-68.89709
-100.4365
-140.4694
-189.0786
-240.7696
-282.7002
-297.8019
-295.8527
-291.7755
-287.0349
-285.3006
-275.8491
-273.5916
-256.2574
-234.0058
-213.6905
-194.9913
-176.1848
-155.5434
-135.643
-112.8704
-90.27613
-69.20364
-49.63225
-27.66961
-7.451278
7.210238
21.04531
32.64658
39.89265
45.25676
47.93524
46.68351
45.94594
44.7178
43.73597
42.29911
39.51829
35.63676
-84.43947
-81.36352
-78.60438
-74.73229
-61.28909
-44.08819
-17.82282
15.19328
54.71825
91.195
121.2026
151.5052
177.0789
192.5968
195.2431
191.0396
172.4107
150.2758
124.5275
92.13416
53.69488
7.333529
-36.68068
-70.77023
-106.14
-150.5881
-181.7732
-209.7375
-240.7691
-271.113
-285.1862
-300.2958
-311.5977
-321.7168
-320.7242
-316.6143
-307.4473
-299.5158
-290.6397
-275.6899
-258.8868
-234.3953
-212.1815
-190.113
-168.7042
-149.0032
-127.0297
-107.4448
-87.91697
-67.58251
-49.04257
-34.62657
-22.27513
-14.50404
-7.401706
-2.884366
-1.234767
-2.139737
-3.180743
-4.897582
-44.22073
-40.36048
-33.88927
-25.35549
-11.80071
7.878999
34.24253
65.26643
92.50831
124.8852
153.175
180.8371
205.9344
229.066
249.0918
253.7855
259.6534
258.9227
250.1418
232.8256
199.7656
162.0711
112.9402
69.88894
26.76421
-19.70264
-60.74435
-103.3076
-145.6714
-179.009
-196.3904
-216.2732
-231.9617
-244.7937
-254.7311
-260.3496
-261.0317
-255.7266
-245.4738
-228.0491
-210.4397
-193.2109
-176.5549
-156.5974
-138.1376
-120.7618
-99.33253
-77.29312
-55.65922
-36.89951
-14.59927
6.972499
27.33458
41.73999
51.71749
49.81536
48.9806
49.0303
49.99445
47.60194
