161.9055
162.4235
161.3865
161.7416
163.6623
165.8265
164.1073
158.5916
154.3955
144.426
118.0897
90.09768
53.65257
10.41927
-46.21724
-96.06118
-143.5569
-191.5932
-237.358
-282.4344
-328.8698
-371.605
-399.3667
-410.6514
-415.0898
-417.3144
-416.9949
-415.5836
-412.3355
-416.7781
-414.6978
-408.9049
-397.5486
-367.2904
-331.833
-293.8551
-256.3768
-217.5755
-177.9041
-148.2846
-120.8063
-90.37238
-62.33826
-39.48122
-12.95223
23.34162
41.90928
58.98357
73.07913
87.41279
103.9021
112.2719
120.3783
127.3229
130.5965
134.1598
134.8268
132.0589
128.9231
130.1657
135.5764
135.8198
136.8302
138.8457
136.9284
140.5876
136.6654
136.3727
131.8952
121.602
107.9303
85.77171
57.59357
20.92903
-18.68889
-55.79812
-97.42688
-136.0021
-178.3315
-221.4953
-264.4052
-302.2277
-347.0522
-386.5033
-408.4508
-414.4892
-418.765
-416.982
-415.0979
-411.2406
-413.2762
-412.9588
-411.0741
-406.9909
-398.6682
-383.5766
-350.6725
-314.195
-277.7309
-240.4353
-202.6438
-168.1664
-130.5633
-97.20898
-66.2856
-36.21099
-3.849154
23.11826
44.43053
28.72553
44.35016
60.97863
74.39985
86.52792
96.4878
103.5284
109.0701
112.013
114.0335
115.935
147.7023
150.7174
152.3378
152.4219
151.8927
140.3204
132.0408
115.9956
94.25284
65.87189
24.03194
-23.87588
-79.21035
-137.3018
-189.778
-241.043
-291.3206
-324.4738
-367.3064
-398.2273
-424.2114
-443.7658
-455.9804
-446.105
-443.2036
-444.195
-442.0002
-434.3788
-424.0744
-405.035
-378.8811
-352.9442
-321.7647
-266.0867
-221.7861
-187.0211
-156.1079
-116.532
-82.71202
-53.13274
-21.34358
-1.252498
21.16743
40.0464
58.41777
73.02664
85.8866
97.13303
105.9709
110.7175
114.1534
117.9237
118.829
119.6538
121.5812
123.3623
127.5497
127.6498
127.653
126.4992
142.1947
143.135
142.9347
144.2964
145.5597
146.0104
146.9789
140.1377
135.2318
125.7874
108.8039
89.31122
60.26214
27.55097
-26.11628
-86.69589
-154.1083
-209.9322
-264.7503
-309.9053
-364.9482
-405.9278
-430.9413
-441.4914
-447.2009
-451.8452
-454.6029
-456.3074
-454.2791
-452.2561
-449.9723
-446.095
-439.4321
-432.3287
-415.893
-383.8585
-344.9306
-303.3431
-263.2028
-223.5181
-181.4026
-148.1136
-113.3695
-74.35037
-38.44414
-6.161349
9.842613
25.10075
41.57419
57.15845
72.11232
83.1134
92.81902
100.3122
103.5421
105.1381
108.2975
110.2473
110.3139
110.142
134.0675
135.2961
136.186
138.3987
134.498
131.8802
128.7711
123.19
110.074
91.95209
68.75416
38.9876
5.140823
-34.76253
-77.92696
-117.1055
-157.8435
-202.1448
-248.6128
-290.6076
-339.9245
-378.5448
-402.8811
-414.624
-419.2542
-427.8927
-433.2413
-434.0091
-435.1749
-434.7563
-434.2281
-433.6828
-428.7497
-413.2876
-373.6917
-330.9304
-283.1799
-239.4274
-186.666
-146.2373
-110.8502
-84.44944
-39.39624
0.537766
26.04319
50.1106
66.49112
83.43557
98.1935
113.0652
120.0166
127.6596
133.454
135.0385
135.5212
135.1508
134.2825
133.786
131.1077
131.5424
158.396
159.6038
159.4811
159.3467
156.9528
156.7162
159.1393
158.811
153.9073
144.1501
132.8026
115.3188
90.4736
47.28511
-2.99046
-65.91893
-127.5285
-178.2036
-230.8438
-278.0044
-318.1996
-364.2756
-398.0459
-413.8914
-419.0356
-422.1982
-424.8586
-425.0975
-426.6155
-429.2657
-422.9368
-411.2029
-377.6558
-335.2417
-292.3666
-248.0918
-207.9022
-177.4303
-143.5909
-89.80123
-46.11894
-15.35449
14.57345
40.50519
63.63643
88.92635
109.0401
120.9537
133.0304
139.774
143.4865
144.7641
144.2199
143.3154
139.1834
137.7252
135.8488
132.4216
129.4068
128.4939
130.9201
132.1827
130.5212
120.4742
111.0334
95.31203
64.25661
24.90954
-18.44598
-70.31713
-124.0941
-177.0724
-236.1364
-280.1068
-330.8435
-372.9001
-397.8172
-406.2476
-412.2404
-415.4883
-415.5023
-413.1809
-416.2448
-413.9602
-404.9712
-373.1962
-330.3614
-287.2346
-240.1743
-197.543
-155.1466
-114.6344
-72.10084
-29.08955
13.70471
21.76734
41.27177
59.65942
83.44327
99.28873
109.8801
122.0505
130.1467
137.2459
143.7261
144.4273
143.3834
138.8061
134.4913
132.7879
128.8949
127.0529
123.9528
121.7316
120.0757
117.8943
115.9096
114.5106
114.0347
113.1001
119.6933
117.0552
115.6
115.2579
110.0318
99.30305
76.50641
37.70995
-1.181519
-55.78126
-120.1563
-173.8236
-231.4153
-277.4177
-328.3362
-377.5853
-408.8103
-420.1555
-425.3386
-435.512
-439.5035
-437.6947
-435.3322
-433.2196
-427.9475
-417.2632
-387.8612
-340.7454
-290.9474
-242.9272
-199.0188
-165.0828
-125.5387
-69.46867
-36.40247
-10.73609
21.99685
48.75388
72.64996
93.13651
105.9146
118.7683
128.0271
133.8892
135.5323
134.5991
131.8516
127.6863
123.1239
118.8948
116.7515
113.5724
108.3803
107.2566
106.0323
105.2002
103.6231
101.1089
101.7225
101.0522
115.6244
116.6693
117.5399
118.3524
119.9799
123.4024
125.9203
123.7558
118.4839
108.2795
95.65511
65.91351
29.15731
-16.99211
-75.71533
-114.4002
-181.7246
-229.7474
-265.5843
-300.8746
-334.2562
-357.3219
-375.0737
-384.9417
-389.9125
-386.6014
-372.8851
-356.9279
-334.6444
-305.5992
-276.7912
-243.5453
-204.9977
-168.0603
-130.2115
-92.40471
-56.10012
-23.23174
6.204737
32.47097
54.19418
71.28149
89.19974
106.1985
116.9499
125.025
132.1325
132.2151
135.9503
139.675
139.9292
134.5292
128.4862
123.1933
119.1853
115.2936
113.4095
112.4356
110.8373
108.0275
124.768
128.4806
129.1766
129.8823
134.171
137.698
139.3513
135.3039
131.5581
121.5118
111.2764
85.21755
62.96888
33.79373
-0.36778
-50.03094
-95.70363
-132.2946
-172.3329
-211.882
-253.8332
-287.9008
-320.9169
-345.2598
-361.3294
-367.0867
-375.7611
-370.5216
-362.0088
-341.5746
-314.7491
-283.2627
-249.5547
-213.2109
-177.2076
-133.2626
-89.84265
-50.37154
-16.62346
14.54237
42.65186
72.24258
100.3315
120.5196
133.5776
145.7693
149.5182
151.873
155.9113
156.1776
154.1608
152.5731
147.5197
145.3129
144.685
138.5965
133.2634
133.8744
131.6123
131.4037
