-0.3769841
-0.3168671
-0.2672288
-0.1953596
-0.1268718
-0.06866229
-0.01268687
0.03809144
0.08294926
0.1120918
0.1471237
0.1702632
0.1827855
0.1997024
0.2099148
0.1750663
0.1908818
0.1987973
0.2037709
0.2091374
0.2136828
0.2171816
0.2192177
0.2202301
0.2213005
0.2216148
0.2217382
0.2209789
0.2197639
0.2195939
0.2187375
0.2177619
0.2181373
0.2139773
0.2135385
0.2632496
0.2468516
0.2549593
0.2431884
0.2347537
0.2239283
0.2206428
0.2159389
0.2132586
0.2122405
0.2113254
0.2092779
0.2067372
0.2024261
0.1968711
0.1803045
0.1565046
0.1344434
0.1160414
0.1086737
0.09636173
0.09008668
0.08614645
0.08411987
0.08326833
-0.4536573
-0.4342395
-0.4141928
-0.3713591
-0.323496
-0.2920744
-0.2397877
-0.1959397
-0.15628
-0.1176483
-0.07193486
-0.0398048
-0.009611785
0.02093857
0.04919076
0.07582162
0.1054039
0.1255423
0.1534159
0.1708004
0.1952145
0.2065397
0.2216981
0.2404878
0.2488937
0.2185102
0.2595623
0.2617272
0.2305976
0.264084
0.2653317
0.2261016
0.2250374
0.2352768
0.207783
0.2662209
0.2438476
0.2293582
0.2108369
0.1920233
0.1867939
0.1888351
0.1900783
0.1884725
0.1099512
0.1068325
0.1055391
0.1043199
0.1033437
0.1028635
0.1532929
0.1493159
0.1399598
0.1395324
0.142342
0.137033
0.1396569
0.1336966
0.1294143
0.1248225
-0.4484482
-0.4482265
-0.4475182
-0.4457095
-0.4451068
-0.4419701
-0.4269836
-0.4470639
-0.3889961
-0.3440828
-0.3150165
-0.2699853
-0.2250461
-0.1770324
-0.1289584
-0.07511451
-0.02379339
0.01843938
0.05740302
0.1038956
0.1345837
0.161786
0.1880185
0.207968
0.2320837
0.2462489
0.2587585
0.2709608
0.2749497
0.2785241
0.2811431
0.2811781
0.2817761
0.262812
0.2774307
0.2755338
0.2701496
0.2653627
0.2635319
0.248273
0.2359968
0.1958031
0.2230581
0.216201
0.1780611
0.1466895
0.1650621
0.1603504
0.1112918
0.1095649
0.1080815
0.1070921
0.1271997
0.1668329
0.1563811
0.1460368
0.143872
0.1413972
0.1407508
0.1422089
-0.4524817
-0.4516489
-0.4503461
-0.4477192
-0.4497165
-0.4311424
-0.4037016
-0.3491387
-0.2859162
-0.2485995
-0.1882431
-0.1287219
-0.06508525
-0.00470003
0.05142266
0.1042534
0.148737
0.1847113
0.2167656
0.2453774
0.2613738
0.2423323
0.2534997
0.2935402
0.2829676
0.3032393
0.304718
0.3057364
0.3046509
0.3026516
0.3008723
0.2788955
0.2790685
0.2835897
0.2803016
0.2658635
0.2553858
0.24554
0.2299838
0.2135911
0.1966497
0.1795465
0.1747175
0.1047556
0.09868693
0.09567343
0.08975349
0.09364597
0.08904796
0.1324786
0.1257416
0.1202883
0.1140072
0.1089244
0.1075346
0.1072383
0.1050454
0.1047152
0.08097887
0.06917738
-0.4537909
-0.4538231
-0.4538742
-0.4536278
-0.4535469
-0.453185
-0.4533169
-0.4527997
-0.4518278
-0.4478028
-0.4437152
-0.4168614
-0.3673868
-0.313289
-0.2731094
-0.2131718
-0.1538056
-0.09373569
-0.04120881
0.007898887
0.05749529
0.1048291
0.1417235
0.1708023
0.1881776
0.2032517
0.2207863
0.2278269
0.2353742
0.2387111
0.2417208
0.2424914
0.2428178
0.2435289
0.2437862
0.2431051
0.2403488
0.2389855
0.2381905
0.2341774
0.2229681
0.2156932
0.2151848
0.2107114
0.2010199
0.1916643
0.1828704
0.1718239
0.1609398
0.1572072
0.1527749
0.1486441
0.1419838
0.1389044
0.138557
0.1356983
0.1282822
0.1180279
0.08756058
0.06544245
-0.4566351
-0.4562955
-0.4564504
-0.456498
-0.455624
-0.4544328
-0.4478064
-0.4607391
-0.4424726
-0.4131972
-0.3467911
-0.2959152
-0.2619527
-0.1907147
-0.1287224
-0.07211075
-0.02000176
0.03644821
0.08495998
0.1118618
0.1496316
0.1689412
0.1836294
0.1949639
0.2128396
0.2188828
0.2235246
0.2258411
0.2291307
0.230368
0.2330942
0.2346617
0.2366232
0.2336404
0.2318075
0.2241782
0.2174694
0.2144716
0.2096024
0.2072018
0.2032899
0.1983087
0.1924609
0.1888474
0.1850972
0.181716
0.179174
0.1742666
0.1662358
0.1638889
0.1516185
0.1330166
0.1141642
0.09106406
0.0765366
0.05506261
0.04097413
0.03128419
0.01851346
0.008751529
-0.456675
-0.456741
-0.4560446
-0.4514591
-0.4620455
-0.4335063
-0.4090844
-0.3606596
-0.3078573
-0.2709376
-0.2066398
-0.1430827
-0.08976685
-0.03542259
0.01736336
0.05063172
0.09122116
0.1185079
0.1584189
0.1680256
0.1827076
0.1889861
0.1476922
0.1526248
0.1549092
0.1556459
0.1567395
0.1561421
0.2032584
0.2014163
0.197301
0.1937559
0.1918814
0.1884058
0.1873298
0.1828124
0.178803
0.1722711
0.1609218
0.1498319
0.1450058
0.139749
0.1373025
0.1346104
0.1315926
0.1301108
0.1263335
0.1209593
0.1013019
0.08829965
0.0565284
0.04622143
0.03236619
0.02104104
0.008576168
-0.0003392219
-0.01302658
-0.01919704
-0.02539968
-0.02884236
-0.4524332
-0.4596196
-0.4528189
-0.4527841
-0.4529811
-0.4601269
-0.4591213
-0.4470841
-0.4486513
-0.4342101
-0.4282004
-0.393976
-0.3363368
-0.2952389
-0.2376626
-0.169568
-0.1110951
-0.0517326
-0.004853516
0.04503281
0.09328624
0.121746
0.1581338
0.1279143
0.1381367
0.1463884
0.1513928
0.1539718
0.1553898
0.1572974
0.1565847
0.1543107
0.2022211
0.2052432
0.2053398
0.2028848
0.200699
0.2004533
0.1954205
0.1877319
0.1800466
0.1695409
0.1593667
0.1526481
0.1492454
0.144822
0.1392676
0.1340192
0.1280739
0.1216432
0.1125954
0.1092113
0.1043656
0.1030782
0.08584663
0.04478451
0.03615725
0.02267
0.01928325
0.01274921
-0.4511139
-0.4509847
-0.4508972
-0.4505081
-0.4503288
-0.4483372
-0.4404897
-0.4146075
-0.3958097
-0.325336
-0.2704649
-0.1914402
-0.1173062
-0.04813584
0.01211776
0.07187009
0.1166377
0.162099
0.1755859
0.1903367
0.2106381
0.1931087
0.2219321
0.2246889
0.2264803
0.2266721
0.2264585
0.2255913
0.2251978
0.2239389
0.2161346
0.2093181
0.2025998
0.1987361
0.1926719
0.191168
0.1840652
0.1762798
0.1620739
0.1513415
0.1444613
0.1384688
0.1317142
0.1282974
0.123711
0.119928
0.1171461
0.1171885
0.1190586
0.1196644
0.1025133
0.07739536
0.04904543
0.03743396
0.03212491
0.02591794
0.01807693
0.01249333
0.01152865
0.010843
-0.1630638
-0.1047702
-0.04291669
0.004407597
0.05620597
0.09982065
0.1301365
0.1229412
0.1752433
0.1468536
0.1591308
0.1647505
0.1701518
0.1740222
0.231254
0.2347668
0.237515
0.2391134
0.2400327
0.2408164
0.2409055
0.2409342
0.2401432
0.2383557
0.236991
0.2336922
0.2301864
0.2298993
0.2223263
0.2191353
0.2168696
0.2163315
0.2131693
0.2108946
0.2122934
0.2078385
0.2034899
0.1966517
0.1911691
0.1846924
0.1755827
0.173096
0.1682199
0.1651112
0.1632147
0.1615207
0.1602179
0.1588012
0.1549324
0.1482158
0.1448164
0.1426978
0.1401826
0.1359615
0.1366866
0.1349895
0.1338419
0.1338564
0.1281012
0.1164404
