0.009854821
0.0028405
0.02046042
0.01863862
0.01915706
0.01229032
0.009992446
0.001440971
-0.007530116
-0.01400224
-0.0181431
-0.021129
-0.02395364
-0.03056022
-0.03371479
-0.02657949
-0.02648016
-0.02761186
-0.02952207
-0.03065861
-0.03284531
-0.03514103
-0.0363042
-0.0381308
-0.03967335
-0.03989384
-0.03932493
-0.03836303
-0.03504503
-0.02870946
-0.01693843
-0.001562428
0.01609583
0.03097044
0.08406921
0.1160992
0.1311908
0.1970094
0.2038694
0.2256801
0.2412073
0.2521274
0.2608301
0.2649658
0.2664522
0.2665794
0.2645293
0.2533883
0.226965
0.2042231
0.1616153
0.1167836
0.07039768
0.04176902
0.01686358
-0.01392341
-0.03037961
-0.03961021
-0.04520494
-0.04795627
0.09796371
0.1197366
0.1463378
0.1455388
0.1440582
0.1410678
0.1410489
0.1351403
0.1309506
0.1270806
0.1212119
0.1164837
0.1071587
0.09972028
0.09035741
0.0847721
0.07718258
0.0693358
0.05987848
0.05331726
0.04201247
0.03660801
0.03045017
0.02526649
0.02272145
0.02563045
0.02025645
0.02119124
0.02487615
0.02581961
0.03358513
0.05180129
0.08240826
0.1229562
0.1330341
0.1922567
0.212081
0.2498524
0.281563
0.2918335
0.3437294
0.360419
0.3910238
0.4012631
0.3329611
0.3362502
0.3374692
0.3381535
0.3380915
0.3363815
0.3784007
0.3654555
0.339274
0.320253
0.3037069
0.2820992
0.2595054
0.239033
0.2198434
0.2029106
0.08548623
0.08545821
0.08563544
0.08794355
0.08904818
0.09097037
0.09465785
0.1365057
0.116199
0.1299991
0.1296403
0.1266137
0.1253727
0.1230731
0.1167957
0.113291
0.1040519
0.09911732
0.09104073
0.08040255
0.07135716
0.06604874
0.05815552
0.05036346
0.04151077
0.03686252
0.03157735
0.02685694
0.0252643
0.02492624
0.02691177
0.02980771
0.03938
0.06302914
0.08674232
0.1178389
0.1465262
0.1809073
0.2049677
0.2230152
0.2492822
0.2525789
0.2856259
0.3064026
0.3019003
0.3018917
0.3277654
0.3285168
0.3042407
0.3061397
0.3075412
0.3087864
0.3221242
0.3517866
0.3290504
0.2993748
0.2857223
0.2616265
0.2457755
0.2247684
0.07304388
0.07320626
0.07430778
0.07621431
0.08122896
0.08343766
0.09426291
0.09642356
0.09215792
0.09311996
0.09668741
0.09259508
0.09113747
0.08423341
0.07564071
0.06633338
0.05807284
0.04969661
0.04149233
0.03373254
0.02918277
0.02672839
0.02370217
0.01814804
0.01898986
0.0153978
0.01597414
0.01627619
0.01850967
0.02270234
0.02801266
0.0449402
0.0544885
0.0775718
0.09741633
0.1293437
0.1614843
0.1922825
0.2143265
0.2522604
0.2680019
0.2943861
0.3292059
0.2915616
0.2981112
0.3022491
0.3077497
0.3127877
0.3122414
0.3597879
0.3446434
0.328603
0.3043965
0.2870828
0.2673246
0.2449726
0.2240885
0.2072562
0.1647123
0.1467068
0.07272647
0.07256657
0.07215951
0.07217537
0.07206631
0.0719777
0.07149276
0.07144675
0.07172067
0.07319525
0.07598399
0.09048294
0.09111137
0.08552548
0.08333256
0.08450047
0.07552874
0.06976818
0.06567616
0.05538684
0.0479093
0.03927237
0.02946826
0.02200551
0.01591462
0.01036437
0.005386522
0.002753729
0.001261055
0.0008975308
0.0008157026
0.001432799
0.003682725
0.008773325
0.01869086
0.03406327
0.05610744
0.08028986
0.1021226
0.1309271
0.1523238
0.1742128
0.198302
0.2146944
0.2336272
0.2459164
0.2536907
0.258747
0.2613537
0.2642674
0.265763
0.2649033
0.2606304
0.2544592
0.2456981
0.2295903
0.2108377
0.1890347
0.1477515
0.1216493
0.04491193
0.04490107
0.04504257
0.0446794
0.04484319
0.04509937
0.04711591
0.051151
0.05801347
0.05455385
0.05262018
0.05734187
0.0555933
0.05295842
0.04689606
0.04177533
0.0337814
0.0239407
0.01574139
0.01006283
0.002167901
-0.001075948
-0.005073343
-0.007960412
-0.01131667
-0.01294322
-0.01379117
-0.0136224
-0.01266088
-0.01088334
-0.005636733
0.003354173
0.02164739
0.04398635
0.07192438
0.09627698
0.1238871
0.1510189
0.1682347
0.1913928
0.2066414
0.2163151
0.2236117
0.226055
0.2267853
0.2258521
0.2221904
0.2124895
0.1969149
0.1847664
0.1661734
0.143636
0.1244186
0.09524772
0.07952166
0.05389343
0.03321307
0.01265388
-0.009996331
-0.02717712
0.0405551
0.04070563
0.04080077
0.04157336
0.0459376
0.04209115
0.04573056
0.0424373
0.04135012
0.04214732
0.03750445
0.03501386
0.02685677
0.01874937
0.01294593
0.007316628
0.00102694
-0.002974618
-0.006771905
-0.009007768
-0.0118356
-0.01366233
-0.01881627
-0.02103955
-0.02114378
-0.02057858
-0.01948901
-0.01737032
-0.003226207
0.01398681
0.03937571
0.06707741
0.09348062
0.1207886
0.1482693
0.1691265
0.1954752
0.2093765
0.2249855
0.2354388
0.2446094
0.2498419
0.2518511
0.2517706
0.2471851
0.2355909
0.2163648
0.2011342
0.163739
0.1478416
0.1079446
0.09658304
0.07003981
0.05358709
0.03030691
0.01522418
-0.005023987
-0.01652583
-0.02820124
-0.03476604
0.04090298
0.04213667
0.04212959
0.04212094
0.04177238
0.04279321
0.04309375
0.04346592
0.04768649
0.04669674
0.05188308
0.04885195
0.04875845
0.05333449
0.05554889
0.05167357
0.04308908
0.03641664
0.03131251
0.02524401
0.01834982
0.01430457
0.01001311
0.005243173
0.00293704
-0.001649945
-0.002670763
-0.002151049
-0.0002580513
0.004396076
0.01388326
0.0318253
0.06794338
0.09537677
0.1262584
0.1506117
0.17445
0.2039081
0.2217975
0.2385988
0.2566544
0.2694323
0.2802287
0.2901699
0.2987208
0.3023469
0.3039918
0.3034963
0.2996814
0.2906325
0.2726909
0.2545336
0.2240934
0.2018037
0.1637784
0.1206095
0.1037333
0.07251863
0.05680118
0.042125
0.04240506
0.04253169
0.04256565
0.04262716
0.04208091
0.04309302
0.04588955
0.04562463
0.05302979
0.04809823
0.04956665
0.04290672
0.03148188
0.01943187
0.01351842
0.002434537
-0.005182011
-0.009194789
-0.009565492
-0.01014674
-0.01292967
-0.01329142
-0.01503326
-0.01493992
-0.01432055
-0.01312495
-0.01071195
-0.005449181
0.006459318
0.02635966
0.05985678
0.08826396
0.1180439
0.148407
0.1706188
0.1999041
0.2131397
0.2253683
0.2391069
0.2449239
0.2516622
0.2562658
0.2610787
0.2631079
0.2634391
0.2610509
0.256623
0.2443767
0.2290737
0.2070496
0.1675672
0.1323202
0.09928966
0.06922984
0.04489405
0.02373725
0.001441521
-0.01614885
-0.02774949
-0.03850986
0.04889501
0.03884102
0.03008547
0.0224488
0.01526924
0.009319062
0.003521783
-0.00294711
-0.005697041
-0.01383376
-0.01753977
-0.01977212
-0.0224699
-0.02412419
-0.025004
-0.02685024
-0.02795501
-0.02841191
-0.0287225
-0.02875986
-0.0285346
-0.02782703
-0.02575238
-0.02088962
-0.01428422
-0.003103848
0.007827293
0.02174854
0.04162635
0.06049496
0.08708154
0.1139094
0.1355752
0.1659004
0.1887968
0.2081094
0.226198
0.248871
0.2628303
0.2737952
0.2835699
0.2950584
0.3035995
0.3136481
0.3186749
0.3213291
0.3231607
0.3236635
0.3203808
0.3108591
0.3007118
0.2907686
0.2791961
0.2647431
0.2540942
0.2386883
0.2240369
0.2094021
0.1896459
0.1647944
