1.259394
1.254907
1.250211
1.244895
1.245149
1.259217
1.273062
1.289237
1.306216
1.319392
1.334859
1.348476
1.359394
1.373104
1.384111
1.405856
1.432289
1.441567
1.446396
1.45218
1.457193
1.461382
1.46311
1.465698
1.467633
1.468125
1.46875
1.46904
1.469446
1.468881
1.46613
1.462223
1.454595
1.450282
1.446242
1.409505
1.410197
1.407725
1.408733
1.411349
1.415768
1.418037
1.421235
1.422853
1.423243
1.422997
1.420796
1.414477
1.400413
1.387858
1.367354
1.351137
1.33555
1.326496
1.317954
1.312166
1.308679
1.30601
1.303507
1.301551
1.390989
1.346725
1.274904
1.269941
1.265926
1.266361
1.266817
1.269958
1.275306
1.282931
1.290515
1.295694
1.30886
1.320241
1.333561
1.344319
1.357395
1.370099
1.384359
1.396717
1.415338
1.428546
1.442163
1.457342
1.465512
1.478007
1.478887
1.482553
1.492438
1.486093
1.48568
1.495596
1.495397
1.480715
1.498095
1.47116
1.472599
1.473867
1.476549
1.483119
1.492002
1.49663
1.503148
1.506154
1.540556
1.543097
1.543495
1.542955
1.54138
1.536612
1.48609
1.478957
1.463643
1.450651
1.434314
1.418856
1.402548
1.391314
1.378577
1.366952
1.370996
1.371128
1.371108
1.364836
1.36038
1.355866
1.364869
1.23534
1.290007
1.278902
1.221356
1.221432
1.216529
1.230212
1.243443
1.247265
1.255319
1.268766
1.284103
1.300596
1.315399
1.331959
1.352128
1.367995
1.386829
1.39943
1.41395
1.429341
1.435939
1.441846
1.444952
1.446538
1.447858
1.451216
1.446874
1.445137
1.445807
1.446482
1.448436
1.451291
1.45814
1.486557
1.471208
1.478503
1.498157
1.523926
1.523429
1.525181
1.542782
1.543345
1.542448
1.539013
1.51724
1.47256
1.457849
1.438227
1.422369
1.400408
1.388656
1.374221
1.39693
1.395568
1.391035
1.381221
1.349976
1.333748
1.265771
1.259375
1.255303
1.241918
1.239561
1.249799
1.259759
1.272611
1.288184
1.305972
1.325755
1.348967
1.369641
1.389915
1.408834
1.442704
1.453
1.453505
1.466464
1.468042
1.472565
1.475693
1.47807
1.479149
1.478625
1.478383
1.475322
1.468982
1.464211
1.458168
1.454958
1.451993
1.45137
1.450657
1.454658
1.459676
1.459724
1.500146
1.502755
1.502703
1.501127
1.497136
1.492011
1.447832
1.440607
1.431356
1.418573
1.40918
1.39394
1.378497
1.366098
1.352527
1.340068
1.334033
1.390771
1.390933
1.390993
1.391132
1.391141
1.391329
1.391505
1.39129
1.38936
1.378069
1.3432
1.262289
1.251612
1.242691
1.243775
1.244734
1.252118
1.255524
1.272242
1.286852
1.304506
1.32054
1.339723
1.358296
1.376424
1.3918
1.403852
1.410791
1.415723
1.418705
1.420657
1.421435
1.422283
1.422513
1.421459
1.420075
1.419093
1.418171
1.417571
1.417606
1.41881
1.419527
1.418907
1.419665
1.420313
1.422083
1.423958
1.425478
1.426218
1.425046
1.422206
1.41762
1.409688
1.401409
1.389226
1.372601
1.354231
1.339705
1.325217
1.318243
1.387781
1.387504
1.387551
1.387516
1.386795
1.385924
1.377552
1.31826
1.25697
1.249807
1.239577
1.232463
1.227044
1.224363
1.230795
1.242792
1.260531
1.274363
1.293832
1.310174
1.330708
1.343141
1.356125
1.36664
1.376622
1.381669
1.386792
1.390462
1.393627
1.39556
1.397272
1.398548
1.399226
1.399519
1.398198
1.398562
1.399278
1.400034
1.400459
1.399155
1.399396
1.399774
1.399822
1.39942
1.397913
1.394671
1.389012
1.379456
1.367285
1.35638
1.342697
1.330572
1.319383
1.301568
1.291283
1.280712
1.269818
1.258221
1.248382
1.243261
1.383996
1.384122
1.38348
1.37956
1.319834
1.341012
1.252194
1.23711
1.232957
1.225937
1.225152
1.220542
1.229046
1.237563
1.245597
1.262486
1.280365
1.294536
1.310816
1.321139
1.336216
1.346358
1.379714
1.386193
1.388814
1.390619
1.391284
1.392308
1.365087
1.3635
1.361544
1.362181
1.360933
1.361744
1.361477
1.361819
1.361719
1.363401
1.367532
1.372087
1.373213
1.37502
1.375193
1.374049
1.368893
1.355318
1.336827
1.319188
1.297901
1.288785
1.276915
1.272285
1.258624
1.25108
1.239127
1.23144
1.224174
1.220469
1.217527
1.214335
1.383171
1.367336
1.383573
1.383577
1.383734
1.360947
1.359699
1.378444
1.381705
1.372478
1.252939
1.244487
1.235841
1.233142
1.231513
1.227753
1.23976
1.250307
1.273652
1.288219
1.304186
1.317463
1.333801
1.368894
1.379069
1.387309
1.392022
1.394268
1.395858
1.398314
1.400176
1.402429
1.37946
1.380265
1.384152
1.38576
1.387318
1.389991
1.39309
1.396574
1.399897
1.403867
1.407055
1.40927
1.409583
1.4093
1.408528
1.406145
1.401457
1.392777
1.376497
1.358139
1.337641
1.315579
1.294543
1.295372
1.288708
1.276327
1.26968
1.26481
1.383116
1.382822
1.382786
1.382575
1.382292
1.378806
1.366322
1.361761
1.233189
1.228932
1.223543
1.224534
1.228975
1.24163
1.262987
1.282928
1.306168
1.326823
1.340581
1.356996
1.372626
1.387583
1.386467
1.390456
1.393591
1.396015
1.397792
1.399057
1.399449
1.397205
1.396034
1.394713
1.393626
1.39272
1.393015
1.392461
1.393713
1.393982
1.395052
1.395693
1.395113
1.394275
1.392874
1.39075
1.388722
1.38565
1.380295
1.369639
1.354262
1.335554
1.320708
1.313136
1.308741
1.301702
1.292243
1.28582
1.281625
1.281279
1.278019
1.27494
1.239051
1.250617
1.25802
1.278764
1.292802
1.30632
1.324139
1.36765
1.354006
1.393445
1.406028
1.41309
1.420665
1.426047
1.410163
1.414291
1.417403
1.419387
1.420817
1.421726
1.422078
1.42223
1.421846
1.420563
1.417907
1.412807
1.408107
1.402569
1.398189
1.396719
1.395818
1.396206
1.397802
1.39942
1.400546
1.40322
1.407287
1.413046
1.41745
1.422838
1.426894
1.429372
1.432088
1.433196
1.433124
1.43285
1.431572
1.429532
1.4258
1.4194
1.412038
1.406132
1.398072
1.388551
1.379905
1.368712
1.358261
1.344626
1.333572
1.321137
