-226.4317
-226.634
-227.745
-227.4217
-230.3309
-228.7791
-230.0226
-228.2233
-228.972
-224.9969
-220.9043
-200.6794
-181.6101
-150.6393
-105.1295
-56.38925
2.646461
36.65501
74.53253
104.8577
129.4038
150.5006
157.9705
160.2933
155.2492
142.9068
125.9856
104.8028
81.30978
54.51407
23.92296
-4.015235
-28.95994
-54.22953
-82.73163
-107.3465
-132.0517
-152.6847
-171.9021
-186.4189
-192.8422
-192.6938
-186.6299
-170.2136
-150.2158
-126.5646
-99.09705
-73.47481
-50.21936
-6.421686
39.38111
65.81812
107.6689
145.8664
179.9414
214.2204
234.497
254.3015
269.4709
275.4049
-335.4557
-336.7903
-340.251
-336.4106
-327.496
-322.2018
-312.8827
-289.7274
-266.303
-232.4312
-187.6457
-136.0406
-80.54439
-9.340266
32.74888
68.45612
102.6269
124.2664
138.5726
147.5585
160.357
162.0619
158.0623
146.6075
130.8811
110.2635
87.1106
58.23345
25.90332
-9.94149
-41.26804
-70.71129
-97.09425
-124.5255
-148.8192
-160.5776
-169.762
-174.3422
-174.1595
-147.7113
-126.9214
-106.4107
-85.18044
-62.88479
-20.24763
31.60428
59.45245
91.71191
132.0036
166.773
188.0796
207.8283
223.4963
236.2521
247.4228
257.0216
264.2614
265.5309
266.8432
269.5829
-353.0915
-353.352
-352.8719
-351.2691
-347.8769
-342.2718
-340.9962
-338.189
-330.2765
-307.7183
-277.791
-241.6189
-191.7627
-149.4241
-100.4541
-31.02393
30.51861
71.62344
107.9447
131.6027
147.1449
158.6846
169.8365
173.0027
161.1075
142.8153
120.1099
92.19131
63.11163
30.00264
-5.420382
-36.71925
-70.84576
-98.55426
-124.6794
-151.3224
-169.5532
-180.9378
-186.6897
-189.855
-164.9185
-147.9297
-127.6692
-108.309
-88.84404
-30.02226
7.402602
43.74924
86.29729
131.5992
171.1375
198.4088
221.8979
240.2584
253.4064
262.8441
269.158
280.2789
292.9758
303.8621
-365.9056
-366.2852
-366.9265
-365.8925
-361.9519
-360.3667
-357.7774
-353.5175
-346.0037
-332.2605
-304.2421
-265.8376
-220.7944
-160.1661
-105.9018
-36.89835
22.58737
72.22555
108.6002
148.3031
172.7641
181.0566
196.4893
213.3248
220.5672
215.4621
203.8046
190.5617
165.987
143.9866
112.909
87.09522
54.40914
20.20613
-14.23244
-41.85492
-68.968
-92.07044
-115.3915
-131.5032
-143.5816
-143.2102
-139.2001
-123.4725
-99.16424
-83.49719
-72.2696
-50.55071
-15.00663
24.29441
46.67939
87.16514
122.6791
158.2277
179.5378
204.1306
225.4255
241.2724
255.7228
266.6569
-351.786
-349.7249
-350.9739
-348.9549
-342.4402
-330.4075
-305.4962
-276.7541
-248.1788
-203.3525
-151.1552
-105.6738
-30.66484
21.97135
58.48067
102.839
138.0158
160.3677
175.2425
179.787
197.7478
200.5767
198.1268
185.5914
168.4291
146.2375
123.9907
98.66536
71.04969
32.40158
-4.368976
-37.29232
-65.80323
-93.74206
-112.056
-122.6734
-132.3189
-135.2044
-120.1243
-92.21475
-63.81173
-52.44392
-28.3691
27.35435
59.84615
94.82771
128.1744
160.5556
185.7823
209.383
227.5663
244.7345
256.4054
262.3126
275.4797
294.5146
314.8253
330.2323
339.2203
341.961
-353.8346
-353.9558
-344.5378
-341.5584
-336.7272
-329.8846
-321.4732
-304.6048
-291.2392
-267.3415
-236.2976
-195.6198
-146.2201
-82.89693
-21.2967
21.42523
65.3206
103.1718
134.9054
163.1716
183.3105
195.4941
203.3338
209.1729
214.3824
213.4518
205.5754
192.8767
172.2614
152.8489
127.3595
101.1268
71.21513
30.77713
-4.400435
-35.32343
-65.89108
-88.9044
-112.3073
-128.2385
-137.8728
-130.5777
-111.0833
-102.8585
-91.81539
-81.65812
-40.01413
12.88913
39.728
69.74586
123.7224
165.2605
195.6004
222.7007
245.7992
262.894
275.3284
285.4411
296.3631
309.2792
-410.3362
-407.18
-403.0377
-386.2166
-365.8131
-341.525
-309.2144
-274.8991
-235.4642
-177.9809
-120.612
-68.16558
-3.532502
43.38684
88.18119
125.9711
156.7838
163.3511
189.9802
200.9671
204.0287
210.0931
211.2081
200.4279
187.1532
169.2781
147.5064
119.8207
92.63808
60.82139
25.72418
-8.154403
-39.1772
-63.16527
-87.25948
-110.242
-128.5318
-142.8093
-144.7994
-130.3474
-114.2008
-103.4315
-90.3792
-75.77433
-68.84674
-25.36082
17.68122
41.21307
76.55584
110.0755
143.3934
175.58
203.4259
225.7103
244.0817
255.5797
263.3739
268.2339
280.1754
291.808
-409.4566
-408.6433
-407.9195
-407.8491
-406.8873
-404.6845
-402.3635
-392.0528
-376.6865
-350.6216
-304.6563
-256.7185
-196.2627
-131.0006
-71.28713
-14.50416
39.13931
78.77591
120.2579
147.3946
178.0726
180.7544
184.9738
180.72
173.7462
161.0187
138.5508
113.8919
84.92708
53.06447
4.316373
-35.66349
-76.31412
-113.7598
-146.8776
-175.9591
-205.9466
-234.6969
-244.2558
-247.0726
-246.6805
-238.6011
-224.9996
-196.6284
-169.6659
-130.3166
-88.34997
-51.1441
-12.63353
33.1459
77.12169
127.4522
172.5961
202.4848
235.2954
254.285
269.8877
284.1036
297.1587
310.967
-353.8743
-358.7007
-356.975
-352.9771
-350.1649
-331.8477
-310.6019
-284.2933
-244.3726
-189.625
-137.1149
-81.48338
2.324796
52.82272
98.0981
141.843
168.2796
192.3883
201.2909
206.345
213.6091
215.9024
207.0495
188.9132
168.0556
142.8671
112.4915
82.71717
44.11557
7.394058
-23.57882
-53.76633
-78.2775
-101.1455
-118.4612
-128.1437
-119.8253
-85.07259
-70.74647
-50.14579
-10.33032
33.76035
73.03934
114.009
158.5716
194.4997
227.8352
251.258
270.6053
292.806
310.0906
327.8365
351.6826
372.6253
390.951
401.2914
405.3948
406.6161
405.5162
405.1633
-330.0301
-329.9305
-323.9465
-316.1011
-307.1728
-297.5896
-285.171
-263.8332
-230.0775
-191.0453
-143.1123
-89.23865
-26.9772
30.36362
75.88758
121.3206
168.4099
185.9115
200.4899
220.3264
240.5827
251.9596
254.7032
241.5359
229.9899
206.8381
183.8592
162.0697
132.6171
106.6034
76.73397
45.12012
10.92736
-17.70767
-34.72093
-52.7556
-65.82877
-66.6581
-62.78335
-46.7127
-26.51244
-16.2943
-0.499356
11.25067
69.22784
100.0722
135.3106
172.1172
205.7377
234.8325
256.7136
278.3045
294.5322
311.6031
329.4739
347.0538
363.6353
393.3815
406.8221
411.4662
