-196.4056
-196.9941
-195.9465
-196.8448
-194.7366
-195.6923
-194.3358
-196.6995
-195.043
-195.5502
-195.1756
-195.3511
-194.3859
-203.0944
-209.3219
-210.4659
-190.364
-184.1644
-164.3396
-138.2932
-110.4376
-69.38126
-30.7549
3.187594
31.66511
71.92475
97.05158
119.5112
139.819
156.3798
169.6339
174.1182
174.5067
170.3178
163.4936
148.5435
130.7461
106.9966
77.31045
43.12757
2.910319
-37.34506
-81.186
-117.8882
-151.2379
-179.5837
-204.6976
-214.3457
-222.3419
-239.422
-250.4797
-256.6689
-263.3121
-265.2006
-262.3311
-259.5507
-255.176
-250.2683
-246.3217
-242.2249
-227.7921
-226.0034
-228.0737
-231.1025
-232.3577
-233.5515
-236.1056
-242.2919
-249.178
-256.6709
-260.5171
-257.685
-252.8735
-231.2998
-222.3108
-208.1128
-186.8059
-162.4847
-130.1942
-99.56475
-63.3451
-25.70476
11.86354
37.8707
73.88596
102.8125
123.7091
139.7768
151.1576
158.6255
158.9672
156.708
141.244
123.4123
100.2325
62.31409
29.75477
-5.243989
-40.63837
-86.13544
-142.4522
-180.6937
-211.989
-238.2644
-234.3636
-246.2332
-263.5854
-274.7275
-281.7921
-288.6602
-291.9931
-295.3528
-295.475
-296.7662
-295.6183
-294.2217
-292.2802
-289.6642
-288.6214
-289.4621
-252.7292
-253.9764
-254.044
-256.0967
-259.0912
-260.0268
-260.5818
-262.9857
-264.6878
-271.8565
-277.7356
-277.6652
-274.7433
-265.4353
-253.5067
-236.9734
-215.8024
-192.7776
-168.7727
-138.6855
-104.2923
-63.57173
-24.11635
13.8366
51.23572
87.65359
111.731
136.9145
156.3312
171.5046
179.3629
176.1143
169.3468
156.7865
139.6931
113.6992
71.09402
29.42866
-14.23944
-61.1082
-126.1622
-171.8217
-210.4901
-244.9234
-276.7355
-267.1719
-290.8933
-308.3835
-319.5648
-322.039
-322.6987
-321.0251
-317.9051
-313.5033
-306.3256
-302.8916
-297.8059
-291.1624
-285.2487
-279.6065
-247.1694
-244.8346
-246.4589
-245.9574
-246.696
-247.8127
-248.6112
-250.8917
-255.357
-258.3836
-269.7449
-275.0143
-280.0009
-281.9558
-284.7301
-289.5803
-277.6571
-265.6584
-249.8332
-225.7829
-199.4516
-167.3459
-139.4015
-100.3434
-54.10458
-12.76018
25.12622
55.61369
93.799
122.9841
142.1617
157.3727
170.2038
177.725
176.3761
170.1734
156.5314
135.5201
109.5666
70.52363
32.79107
-8.619284
-50.25879
-89.23
-148.6982
-195.4204
-222.7216
-237.6822
-260.02
-280.6766
-300.4196
-314.9134
-319.7925
-323.8585
-325.2937
-325.9922
-324.6262
-322.3633
-316.2542
-314.3314
-255.5037
-256.9408
-257.7749
-259.6086
-261.3952
-266.3126
-274.3443
-278.6899
-285.0085
-290.1308
-292.4433
-290.5551
-290.2472
-278.2412
-262.1966
-241.2295
-215.5403
-184.3118
-152.9079
-117.7661
-71.50503
-29.3292
11.66236
41.49535
81.25209
109.5078
134.0083
153.0164
169.8359
169.1481
169.3333
163.3468
150.0055
129.1283
89.45341
49.73702
10.24552
-31.85471
-73.97372
-123.0177
-166.6173
-212.8295
-229.7032
-251.9315
-271.0385
-286.4491
-296.9243
-303.3895
-306.302
-308.0941
-310.0302
-309.035
-310.1549
-313.3272
-314.5572
-313.4637
-315.5519
-313.8975
-310.8191
-308.9409
-254.8112
-255.8906
-259.2881
-258.9665
-261.2057
-265.3188
-268.8682
-273.4842
-276.7938
-280.7644
-280.9268
-288.2061
-291.7073
-297.3982
-293.7791
-281.3051
-266.616
-249.6035
-225.371
-198.0396
-174.8079
-149.1344
-117.6782
-82.98637
-43.60659
-5.067266
31.61089
63.16982
102.0294
132.0505
154.55
170.6707
182.5926
180.6461
175.235
167.2594
152.4133
125.3654
84.68482
41.64395
-3.605462
-51.07673
-118.5634
-164.109
-207.9216
-250.9331
-252.4265
-273.7514
-297.1046
-313.4232
-323.6807
-329.0084
-327.8911
-324.4329
-321.1655
-316.284
-310.1619
-306.806
-298.065
-289.9278
-281.433
-282.6494
-285.8499
-295.1157
-303.9449
-311.1311
-318.8521
-329.4638
-341.6653
-352.6359
-357.3071
-351.2152
-336.3574
-319.7157
-296.1731
-267.2935
-229.4603
-199.0153
-162.1443
-122.3141
-80.88349
-37.27813
5.645715
39.8936
78.77531
111.1472
138.1083
151.3045
161.939
167.2563
165.9332
151.0543
138.6588
119.8634
95.8959
66.58125
32.24659
-6.871559
-41.99446
-77.46426
-125.12
-163.578
-199.2917
-234.9614
-258.3638
-256.384
-273.1476
-291.278
-304.3164
-316.228
-325.3127
-330.3008
-332.1134
-335.6665
-337.4435
-335.7784
-336.2698
-333.8566
-334.022
-329.0161
-284.2375
-285.1913
-286.5759
-287.7801
-289.9415
-293.437
-299.7567
-309.9416
-316.929
-330.2515
-344.5464
-356.269
-363.13
-361.1884
-350.4866
-323.4824
-296.4989
-262.249
-222.5647
-178.2207
-134.982
-92.33891
-42.29539
-0.327357
36.67828
81.80473
115.953
140.531
157.1708
171.8613
170.1413
164.6409
154.6339
140.1533
110.4063
66.55503
20.89638
-27.34957
-81.5439
-135.7693
-186.5836
-231.9055
-271.098
-294.2257
-319.8576
-342.4739
-361.7766
-378.5732
-389.8895
-391.3882
-388.6
-385.4194
-375.6147
-365.8189
-355.9773
-346.3277
-336.9012
-326.9331
-317.4665
-309.3569
-268.0591
-269.2559
-268.4073
-272.623
-277.171
-281.6139
-290.6036
-296.2086
-303.2481
-312.8569
-311.9704
-305.8943
-292.165
-270.9799
-243.2544
-211.2407
-182.6699
-140.502
-101.9785
-62.24845
-18.93103
24.27034
60.09456
92.3807
120.0477
143.1152
161.6184
167.8732
164.1178
161.6124
153.6672
130.1521
100.098
67.93843
29.72822
-21.12548
-70.03163
-157.2856
-209.13
-246.3273
-260.0488
-289.7265
-315.3409
-332.6653
-343.7189
-350.3452
-354.6453
-351.9254
-346.589
-339.2828
-329.4614
-322.5437
-309.2306
-297.0865
-288.0397
-276.8469
-269.683
-262.655
-258.9104
-257.1578
-285.6017
-285.9956
-288.9135
-291.6061
-293.8583
-294.5522
-295.9023
-299.95
-307.5859
-313.0854
-320.1303
-324.5925
-321.8577
-307.4737
-286.9722
-262.4735
-232.7487
-202.8828
-164.2494
-124.754
-76.90356
-29.28335
14.08924
51.91785
89.84304
119.7204
145.6163
165.6348
177.6079
182.4708
183.3448
175.8261
152.8946
127.14
100.5235
59.41294
17.18359
-27.52777
-70.69501
-125.5125
-176.2185
-213.3721
-249.8942
-282.8066
-276.3736
-290.5885
-302.1151
-305.6898
-307.5896
-305.7613
-300.3228
-295.0294
-287.8009
-277.244
-267.8968
-260.3792
-253.6947
-248.1138
-244.375
-243.5366
