1302.809
1302.571
1302.504
1302.716
1302.116
1300.953
1300.854
1302.025
1301.549
1299.964
1299.56
1291.527
1285.386
1283.868
1275.562
1267.715
1241.495
1244.337
1243.618
1243.734
1246.529
1244.49
1245.985
1249.18
1254.632
1254.896
1259.056
1262.826
1265.534
1264.965
1264.394
1264.501
1264.611
1263.153
1258.429
1255.99
1252.895
1248.416
1247.59
1246.744
1250.169
1251.713
1258.137
1256.169
1258.295
1259.177
1252.803
1232.529
1190.64
1187.946
1192.456
1201.636
1209.516
1221.047
1230.471
1243.968
1257.937
1278.418
1295.068
1312.489
1370.498
1368.084
1369.878
1370.772
1369.118
1366.745
1357.503
1352.161
1349.025
1341.879
1331.431
1304.557
1286.134
1273.549
1284.515
1300.401
1316.138
1332.132
1341.777
1351.16
1359.118
1364.944
1369.823
1381.327
1384.307
1390.228
1394.17
1397.898
1398.39
1397.5
1395.576
1389.969
1388.456
1382.286
1375.645
1375.871
1369.267
1360.565
1354.103
1355.724
1381.676
1379.82
1376.342
1369.209
1305.021
1300.023
1307.481
1319.467
1340.118
1350.198
1363.921
1379.543
1393.862
1408.562
1424.677
1437.042
1450.381
1460.272
1463.504
1467.198
1360.003
1356.852
1359.706
1358.562
1359.196
1354.903
1352.161
1352.191
1345.986
1347.452
1332.019
1309.223
1276.865
1253.389
1236.034
1235.586
1233.755
1235.89
1265.839
1284.719
1298.266
1307.944
1319.166
1332.148
1346.086
1357.227
1371.069
1380.25
1387.699
1393.268
1398.731
1401.928
1399.979
1395.907
1389.316
1383.672
1380.199
1374.089
1368.192
1361.967
1378.647
1379.768
1375.85
1370.668
1358.047
1292.837
1296.223
1302.717
1313.088
1333.126
1347.351
1365.118
1381.854
1401.372
1426.04
1444.35
1454.914
1462.343
1466.857
1468.231
1382.624
1380.465
1379.411
1378.802
1378.552
1379.081
1376.815
1374.237
1374.611
1362.501
1363.26
1346.267
1323.853
1296.598
1286.12
1296.878
1294.72
1304.156
1310.767
1324.228
1345.729
1359.72
1380.891
1390.083
1392.911
1399.086
1402.609
1409.175
1409.931
1412.057
1417.946
1421.452
1420.331
1419.985
1418.744
1416.038
1410.179
1403.152
1396.17
1393.007
1383.43
1377.306
1373.34
1366.184
1390.402
1402.248
1380.125
1325.715
1322.303
1321.597
1330.565
1346.369
1363.181
1371.755
1386.592
1402.594
1420.911
1440.378
1457.548
1472.766
1367.826
1369.088
1367
1363.882
1360.736
1355.023
1356.979
1348.629
1339.348
1321.639
1308.517
1295.3
1307.178
1306.711
1313.427
1320.367
1337.127
1354.536
1375.863
1388.998
1391.446
1395.672
1401.574
1411.845
1413.383
1417.387
1420.82
1422.306
1421.887
1423.752
1422.626
1419.88
1412.971
1405.955
1403.766
1400.058
1390.749
1383.572
1382.334
1391.201
1396.485
1406.791
1352.17
1338.286
1342.487
1352.7
1366.426
1382.872
1394.472
1410.158
1429.187
1448.773
1470.013
1488.55
1503.542
1512.338
1513.113
1518.948
1519.299
1519.935
1350.333
1348.598
1345.362
1342.111
1342.756
1341.587
1341.989
1339.468
1334.431
1324.531
1303.837
1298.031
1281.53
1282.121
1284.93
1284.823
1289.948
1295.148
1303.836
1320.252
1339.502
1356.875
1368.764
1375.234
1378.647
1382.666
1385.993
1392.1
1393.385
1397.003
1401.341
1404.579
1405.088
1405.612
1405.408
1401.229
1391.763
1383.906
1378.755
1371.644
1363.568
1358.912
1385.595
1382.212
1379.74
1370.569
1304.87
1303.127
1307.577
1318.161
1341.882
1354.077
1369.313
1388.444
1413.05
1430.703
1454.444
1466.333
1479.81
1485.792
1422.752
1414.989
1409.601
1405.604
1396.667
1385.511
1372.546
1354.631
1339.556
1328.896
1317.323
1318.758
1313.379
1310.73
1312.012
1311.523
1314.852
1346.927
1353.691
1365.388
1371.752
1375.717
1378.977
1386.807
1388.111
1391.602
1393.464
1396.565
1396.496
1394.306
1393.836
1396.094
1393.044
1390.55
1385.828
1377.999
1373.561
1372.797
1368.363
1367.572
1389.113
1393.909
1396.301
1395.893
1379.242
1322.869
1318.736
1329.744
1342.183
1349.477
1363.402
1375.982
1389.099
1404.264
1426.65
1447.278
1466.847
1488.079
1492.499
1494.157
1379.028
1377.125
1376.353
1375.604
1373.411
1370.23
1364.81
1356.892
1352.1
1338.612
1317.899
1299.494
1280.445
1260.726
1245.559
1244.154
1229.339
1220.804
1217.43
1219.852
1252.623
1272.344
1273.453
1286.925
1298.704
1302.89
1311.854
1319.415
1324.636
1326.964
1331.365
1334.407
1334.321
1332.084
1336.983
1349.612
1359.104
1366.892
1376.946
1387.57
1393.754
1394.563
1390.11
1361.192
1334.576
1312.073
1308.526
1300.133
1299.957
1306.41
1312.732
1319.447
1328.776
1337.695
1350.607
1371.305
1393.291
1411.59
1420.537
1430.016
1373.672
1373.586
1370.2
1370.286
1369.795
1358.647
1347.96
1336.807
1323.932
1315.137
1299.12
1293.052
1286.14
1282.901
1282.253
1286.809
1326.908
1329.594
1344.618
1357.571
1364.257
1370.091
1378.086
1386.461
1395.461
1402.879
1407.072
1410.924
1413.045
1412.769
1408.437
1405.997
1401.889
1394.568
1385.288
1379.571
1375.204
1414.524
1411.015
1397.51
1331.33
1331.056
1338.175
1350.183
1365.721
1380.668
1392.453
1417.067
1433.275
1453.226
1469.056
1478.982
1491.678
1502.663
1512.932
1518.235
1524.698
1530.417
1533.749
1535.793
1375.607
1374.159
1367.167
1360.904
1358.597
1355.843
1346.954
1341.351
1334.178
1328.995
1321.021
1324.275
1326.166
1321.793
1315.397
1319.47
1340.146
1364.501
1372.132
1385.417
1391.808
1396.343
1403.271
1410.18
1414.41
1421.242
1426.189
1431.272
1433.986
1437.609
1437.238
1432.886
1431.799
1428.937
1421.625
1416.41
1408.232
1402.915
1399.732
1405.002
1416.882
1411.602
1410.544
1406.119
1357.115
1364.198
1375.691
1387.34
1398.406
1414.157
1429.913
1450.477
1471.084
1485.791
1494.619
1505.058
1507.82
1518.644
1522.483
1528.507
