-295.603
-295.9237
-295.2029
-294.7633
-294.7658
-293.1633
-285.7154
-280.5272
-266.2219
-251.0218
-237.1726
-221.575
-202.2014
-185.3555
-168.6823
-152.9324
-139.6344
-128.4666
-120.9014
-114.4877
-109.64
-105.8116
-104.0485
-100.3639
-93.67632
-85.44267
-77.15324
-66.96966
-54.91121
-45.43366
-35.28211
-23.34915
2.216377
8.962332
18.55236
25.53666
35.12918
39.53269
40.70031
43.29737
48.80439
56.43375
67.77147
80.52916
94.41129
108.8084
121.307
142.5157
159.6711
174.6308
187.13
199.5609
207.343
214.978
221.6261
230.6783
236.7517
243.9622
252.7999
263.7586
-318.8932
-317.8882
-315.4287
-318.8273
-320.9527
-323.7037
-322.6764
-319.6755
-308.5829
-296.7736
-278.7502
-239.3959
-194.0715
-162.5864
-139.5649
-119.5388
-102.7969
-90.34662
-84.02929
-76.03731
-68.9897
-63.20117
-58.28934
-56.32309
-50.46225
-43.64477
-34.45026
-13.28827
9.173543
29.65243
45.1229
44.2662
48.46632
52.01478
56.24752
59.8826
67.71787
74.30696
83.21938
96.89745
111.4892
127.8622
147.427
174.9096
195.3979
212.3575
225.984
239.1979
254.1275
265.3062
276.1423
289.3877
302.2459
314.7319
328.5774
343.9708
361.0035
363.9899
356.5017
362.4164
-287.6637
-297.492
-300.1997
-297.1527
-287.9725
-273.7544
-255.5823
-232.4572
-205.1177
-179.7355
-156.9416
-136.3251
-115.502
-96.22874
-82.75661
-72.86801
-65.35898
-60.28321
-60.15008
-57.59723
-56.63744
-55.99501
-53.04508
-48.87117
-43.13777
-33.38462
-20.46322
2.758887
26.5183
49.50592
69.35486
76.03641
79.72229
85.1591
89.81808
100.7118
110.8901
122.8015
136.0377
148.6485
159.4917
172.544
191.9356
210.6377
225.9969
237.4366
247.7155
256.6696
266.5875
276.1955
285.1986
298.1613
310.255
324.1832
337.1812
355.7282
375.1669
387.5012
398.9272
412.0016
-300.695
-293.7622
-287.918
-277.0817
-259.6612
-242.0493
-220.2073
-195.7348
-176.4374
-159.2245
-139.8568
-122.9123
-109.7721
-97.55335
-86.67971
-80.55106
-78.54285
-72.81477
-64.65742
-53.07885
-42.24663
-33.67332
-14.05324
7.601574
20.10851
37.28406
47.50505
52.23623
56.65138
56.85689
62.71522
66.87547
75.03824
83.10582
93.78148
103.8297
114.2076
132.2273
152.7334
173.4014
201.1176
221.4324
237.3706
250.1013
260.9209
269.5851
276.4213
282.1542
291.0954
300.5423
309.3665
319.716
327.2854
336.0724
347.2266
358.9666
373.9241
383.8864
394.9257
403.688
-295.0385
-294.6947
-289.6624
-283.8288
-276.5515
-264.3808
-251.9293
-238.1653
-209.9151
-189.9086
-173.5474
-154.4042
-138.0383
-120.7658
-110.3127
-101.2352
-92.24147
-84.89236
-81.63949
-76.51557
-69.12756
-56.51364
-42.22553
-26.90516
-11.92454
12.33163
47.01693
63.63538
75.71983
83.73905
79.26372
84.27106
85.98304
91.38713
99.24224
121.6565
138.8165
151.9572
163.6266
179.4443
206.3756
221.2412
234.4865
244.6529
255.2493
264.3177
275.0031
287.6132
300.1425
311.9362
322.629
339.097
357.4834
360.043
358.845
368.9322
390.4336
401.2043
396.0287
386.5171
-319.7218
-317.7984
-310.8755
-304.9593
-297.075
-288.9088
-274.4169
-256.9078
-236.1271
-205.7499
-185.6666
-169.3294
-151.9156
-138.3829
-128.3858
-120.0621
-114.9916
-112.0024
-107.1916
-99.88076
-90.53149
-78.21006
-66.66335
-57.16535
-48.64377
-31.66649
-15.17593
-3.362899
9.151199
24.02154
24.59559
30.41986
34.01397
42.34533
51.41161
55.64014
70.30635
90.806
108.3766
120.8445
138.3804
160.0854
187.5311
205.363
216.2535
230.1111
240.1833
249.1806
257.7908
266.6433
275.9641
287.7751
296.7041
304.9027
314.0051
325.9738
339.5579
350.4837
361.0644
374.3638
-346.1102
-336.8863
-325.8762
-310.3487
-297.2008
-283.5588
-256.8311
-237.9623
-214.5774
-195.3245
-181.2235
-171.589
-159.3295
-147.7392
-140.5252
-133.1732
-122.6812
-114.8398
-108.4245
-97.38401
-81.73772
-50.09693
-37.08266
-24.02956
-8.209018
5.960046
7.140123
9.39996
4.723853
10.46976
7.908141
36.51553
47.10426
54.85503
84.49315
103.8017
119.7412
139.2334
164.1666
186.918
205.41
227.4538
244.5545
261.4654
274.3845
287.4441
301.6785
317.6272
335.3136
353.5684
370.1771
383.3939
399.5351
407.7147
414.4704
421.7373
422.7654
422.0635
412.9275
401.8022
-346.618
-342.9831
-334.6577
-320.347
-306.9204
-290.9376
-273.6679
-251.2258
-225.0376
-198.594
-181.5366
-165.4344
-150.8724
-139.7788
-127.8191
-118.6236
-109.8761
-98.31203
-90.06937
-78.04052
-70.4947
-60.79039
-43.88335
-11.58724
-4.763332
10.76621
25.40422
28.576
19.89186
33.12801
37.20483
51.03921
65.09269
67.95261
87.50493
99.95042
130.8387
148.3176
162.9072
180.9611
199.0768
214.5381
229.3682
247.9567
263.3999
276.8242
291.4624
303.5764
312.9074
322.5589
335.6257
351.3719
361.3473
366.8788
374.3613
383.7597
391.9536
393.6869
393.4847
385.4485
-285.6361
-264.6631
-246.4536
-224.9232
-202.1549
-183.2075
-167.7844
-153.2561
-141.6079
-130.1025
-118.92
-109.7129
-99.16136
-91.6051
-82.52038
-74.22759
-66.44346
-62.31165
-54.17677
-46.32317
-37.70001
-28.56907
-21.59091
10.54697
26.93605
36.29627
49.62532
43.65815
47.60003
52.32107
53.95129
58.32586
55.40145
61.69879
69.75131
78.92068
85.37831
95.7413
111.7907
130.9255
153.4759
178.2928
191.9063
212.1865
228.1303
242.4438
251.0227
256.6061
260.0907
269.5597
275.1278
282.943
292.0398
300.3403
309.3272
319.7245
334.783
349.6635
365.2264
375.004
-297.8206
-293.8147
-287.2486
-278.2819
-265.6524
-251.5595
-231.994
-203.8973
-185.6076
-158.5735
-138.573
-119.1329
-97.68156
-79.96616
-66.62862
-55.89756
-46.05965
-37.24351
-25.02159
-13.02094
18.33001
39.35885
54.89106
66.01543
72.58349
74.15107
77.29609
93.28308
100.9107
110.7512
122.7713
135.9662
158.9928
179.4052
195.1685
209.9343
224.9348
250.9491
267.0819
282.2428
295.4838
305.6515
317.8398
328.3749
333.9236
341.2238
351.4817
363.9212
377.1933
390.0232
403.9779
416.1809
428.9442
442.9619
453.1945
464.0943
450.7704
451.531
452.0738
449.6135
