-18.49387
-18.66732
-18.34458
-19.82012
-19.30034
-16.39151
-12.36713
-0.643729
12.7305
32.13266
56.60143
83.98122
123.2502
151.422
181.3956
208.4595
232.6034
252.1498
264.554
275.1348
281.105
283.8495
285.8388
283.4753
278.8817
266.2834
250.2709
226.2083
198.2305
164.9543
131.8831
92.54239
34.31602
-2.266795
-26.23054
-45.15716
-53.46743
-66.81274
-65.87109
-61.1885
-53.856
-44.12455
-26.21229
-8.543465
14.32906
42.756
76.2677
122.0536
159.3431
191.2064
217.0665
239.635
257.7403
271.3499
277.5706
280.858
278.5808
273.6428
264.0899
246.4745
-130.2346
-131.7395
-133.0231
-132.6996
-133.2422
-133.3297
-132.8512
-130.3557
-115.9325
-78.29968
-33.95855
5.522491
52.07676
101.6657
139.0477
172.3417
197.1097
213.4303
223.6221
230.4521
234.3186
233.2662
223.1247
208.3267
186.9882
159.0724
124.1575
57.81951
-9.022996
-55.37312
-97.94306
-131.5237
-156.3112
-163.8824
-166.5727
-162.4761
-150.3358
-131.4217
-105.9454
-77.09409
-39.51959
2.768452
46.21609
92.4339
134.4231
171.6782
194.1722
214.7725
226.2765
230.9718
235.3503
225.9225
212.4206
197.8518
170.0259
123.5649
69.34701
0.525111
-51.80256
-96.0195
-27.16404
-41.39111
-49.63595
-42.89024
-23.14409
-2.333455
24.46996
56.67046
90.17763
128.4463
159.1035
184.6179
207.9316
230.2894
248.8263
261.5224
270.2869
275.4
276.9997
276.6316
274.6107
268.3126
259.8577
244.0493
213.5375
182.8486
144.1229
87.01849
26.94831
-30.08487
-61.50843
-90.05142
-108.569
-112.9727
-113.0919
-99.74409
-82.05789
-53.83271
-28.4332
-0.356387
26.36298
67.53802
109.1329
148.1943
180.9657
206.815
218.2886
230.5834
237.4302
236.3809
232.7477
221.0652
205.8825
181.8172
143.7418
97.73801
43.62962
-9.794205
-53.48176
-91.88334
-84.75803
-75.8122
-60.35155
-38.7623
-13.61014
15.02851
50.16498
84.92357
125.9134
155.4516
179.4375
202.1353
219.7677
228.2268
231.4991
233.0653
228.1707
217.5756
198.659
175.2732
146.4923
114.7102
60.04721
1.734445
-36.11881
-70.73769
-99.07621
-119.4694
-131.6566
-138.4949
-137.8098
-133.5889
-126.5917
-113.9176
-91.7471
-62.81722
-31.12958
4.368528
39.60729
77.53792
123.7629
157.9752
184.8467
208.0962
223.4968
229.6962
230.859
230.3877
226.5431
215.8801
201.1738
182.493
158.4402
126.4093
87.5135
47.96434
7.879035
-30.16743
-62
-89.65504
-94.37251
-92.63814
-86.97819
-74.40868
-53.9407
-26.16901
4.077875
39.59959
70.2201
114.637
153.844
179.8889
204.7999
227.4948
245.9063
255.2579
263.3497
265.6547
266.849
259.9373
243.9722
225.983
198.6004
168.629
131.3091
74.36246
13.54047
-26.01926
-60.66006
-89.42161
-110.433
-113.4062
-114.7346
-111.009
-102.1356
-80.5183
-51.29027
-18.9604
18.80191
56.30438
99.44692
137.0336
168.8135
191.578
209.8674
219.2973
222.4704
218.8427
209.2422
186.0627
154.9072
111.4446
61.40986
6.965062
-44.9809
-86.61912
-117.9353
-143.6116
-161.8017
-173.8485
-85.22229
-83.08905
-80.40525
-69.87798
-53.48071
-30.87507
-1.559476
32.39816
68.44594
116.0443
150.5195
179.262
205.8183
227.5519
242.5498
255.022
260.5635
261.7071
260.0997
250.2307
235.8376
218.903
193.495
163.3742
124.7722
50.34151
0.876063
-36.48875
-71.62186
-102.9899
-122.0632
-130.6457
-131.3618
-128.3252
-118.1689
-103.7782
-83.25092
-50.69378
-17.95889
14.99664
49.07251
86.32449
127.1995
160.9435
177.7945
194.5838
206.1835
210.7684
208.0147
203.6384
195.8204
182.0163
159.6967
130.8827
95.36743
55.59958
15.23207
-20.48443
-49.05798
-72.82885
-100.6896
-91.72666
-74.1404
-47.90672
-13.65198
29.05067
65.57597
102.0249
136.7852
164.6681
186.0795
199.7521
209.2054
211.5697
214.9113
215.5162
208.0421
192.7391
172.369
148.0299
119.7313
43.7519
2.184378
-35.08997
-68.38486
-97.54496
-109.7808
-117.5766
-119.5987
-118.1794
-111.8155
-95.73579
-87.80463
-74.25242
-37.52651
0.45227
40.76223
82.70109
113.0074
146.8843
169.4278
185.8893
197.5848
196.5565
192.8546
182.6698
158.558
130.2055
93.25712
42.21617
-1.695234
-43.20566
-84.04393
-117.2273
-144.8328
-169.4445
-183.9266
-195.9324
-203.6747
-204.3807
-113.9697
-109.1833
-101.0545
-84.33081
-56.61689
-23.96535
15.72537
52.02993
86.12624
122.8355
151.1087
175.3067
193.1063
204.1127
211.3296
216.574
213.8434
204.521
189.3774
169.0418
147.8627
121.2772
66.96439
2.313374
-28.0501
-62.79601
-92.94625
-110.3388
-114.115
-111.8824
-105.4428
-93.91088
-78.55457
-51.09794
-18.75621
10.99949
23.92251
67.62859
97.45097
128.5579
153.6712
170.2634
183.9082
190.5061
189.3083
183.4545
169.1303
151.1262
128.7456
98.56914
55.81747
14.6295
-30.43936
-66.65627
-100.0796
-128.4398
-147.5424
-163.9491
-175.8572
-179.8258
-31.88998
-6.072119
18.1146
45.51458
75.64147
106.3776
137.8427
159.9265
183.0211
204.9583
223.1221
237.84
251.3907
259.2106
263.1862
262.6037
260.5828
253.6996
242.2581
222.8405
194.132
162.5932
126.6642
68.72778
15.8441
-19.92693
-61.12145
-86.91821
-105.6441
-119.1056
-128.1405
-134.4031
-134.5565
-127.0607
-114.3129
-99.65853
-84.11159
-57.43991
-28.89226
-1.393568
31.13454
48.48433
79.12693
108.9359
133.9273
154.6324
171.8708
181.2269
189.9464
187.214
182.0654
171.4015
157.8749
141.62
119.2873
93.38766
63.30264
29.03612
-7.549306
-44.24809
-89.66798
-86.16773
-79.10053
-69.18413
-55.24333
-37.27764
-11.16079
9.707464
46.14497
90.24553
127.6595
147.6704
166.5916
181.3536
190.8235
191.8557
186.7756
174.0962
155.5109
121.5399
70.39657
20.48465
-19.30985
-58.61504
-90.85259
-105.7527
-112.4279
-110.8748
-104.9218
-95.62384
-81.56862
-64.1745
-32.9376
-9.113462
19.55803
46.4288
76.1303
101.3189
125.266
145.5131
160.3783
171.9014
173.9641
170.4384
164.0149
150.6506
133.0667
110.148
80.92893
43.43954
2.520182
-39.01218
-75.17689
-105.1462
-129.381
-149.0685
-159.3478
-170.4369
-173.9399
-174.5931
