1131.025
1130.945
1129.022
1128.697
1126.698
1123.271
1118.209
1111.204
1106.555
1102.3
1102.225
1105.395
1105.679
1114.354
1123.089
1132.963
1142.547
1152.164
1160.971
1168.812
1173.724
1177.584
1179.888
1178.998
1176.148
1172.107
1164.397
1155.411
1142.709
1131.226
1117.462
1107.935
1112.594
1114.092
1108.15
1108.193
1103.293
1118.336
1119.778
1118.226
1117.977
1119.436
1119.675
1122.119
1125.353
1127.681
1130.328
1127.361
1139.369
1156.58
1175.58
1193.298
1209.332
1223.585
1234.317
1240.8
1245.955
1246.891
1245.012
1243.674
1120.268
1122.301
1121.897
1120.434
1121.482
1121.692
1120.777
1119.753
1117.874
1107.412
1096.892
1104.616
1110.282
1117.079
1130.868
1144.945
1161.012
1176.148
1188.809
1199.193
1204.929
1205.823
1202.793
1194.958
1181.298
1165.221
1146.39
1150.035
1154.733
1150.09
1149.815
1150.781
1156.684
1155.6
1159.619
1161.126
1160.045
1158.7
1156.437
1158.463
1158.546
1160.594
1168.398
1178.12
1196.755
1216.244
1239.195
1253.674
1267.334
1278.091
1281.927
1287.785
1289.694
1285.275
1280.359
1275.601
1266.885
1264.648
1253.875
1243.639
1194.279
1194.228
1193.167
1186.415
1176.357
1169.867
1163.031
1154.492
1150.952
1149.769
1154.231
1159.743
1167.472
1177.476
1188.889
1197.87
1206.58
1214.307
1219.732
1223.905
1224.259
1223.208
1217.963
1207.258
1196.687
1179.449
1160.72
1147.284
1142.546
1143.17
1127.032
1127.022
1126.848
1121.655
1127.073
1123.776
1123.961
1115.721
1120.281
1126.74
1137.997
1144.852
1157.794
1173.854
1191.523
1207.252
1222.635
1233.126
1238.741
1244.313
1245.519
1245.369
1242.615
1237.944
1233.812
1231.02
1228.415
1220.33
1212.351
1209.6
1169.299
1164.76
1158.173
1149.324
1142.817
1141.021
1138.443
1138.713
1136.055
1139.936
1144.395
1149.04
1152.965
1157.895
1161.508
1161.766
1162.234
1158.23
1154.017
1144.89
1134.693
1120.43
1119.316
1126.85
1123.341
1120.77
1120.386
1119.758
1120.896
1121.987
1119.995
1120.811
1125.446
1131.143
1130.742
1129.405
1129.09
1131.471
1138.547
1144.752
1144.512
1157.909
1173.781
1185.724
1196.191
1207.102
1214.578
1217.39
1219.618
1221.691
1223.694
1223.162
1221.407
1219.22
1220.344
1217.213
1215.212
1211.575
1206.449
1203.831
1161.42
1160.979
1156.339
1150.701
1144.062
1138.293
1136.646
1134.955
1136.799
1134.984
1137.046
1144.443
1150.482
1157.992
1165.995
1173.935
1178.21
1181.808
1179.483
1175.148
1167.897
1156.229
1145.427
1130.866
1117.496
1119.885
1124.716
1118.463
1113.915
1115.353
1117.439
1105.62
1099.457
1099.2
1104.186
1108.695
1111.899
1118.058
1125.592
1136.054
1142.355
1157.402
1173.607
1190.957
1203.373
1214.153
1223.466
1229.422
1230.29
1231.947
1228.958
1227.842
1223.594
1218.476
1215.13
1208.875
1199.106
1195.842
1199.432
1202.478
1136.498
1138.479
1133.036
1128.196
1123.838
1118.743
1117.381
1117.544
1119.342
1115.544
1120.348
1129.811
1136.999
1146.259
1154.323
1160.21
1163.918
1166.66
1165.117
1163.078
1156.801
1146.944
1136.186
1120.68
1104.57
1121.817
1115.876
1106.34
1102.148
1104.844
1103.137
1102.135
1101.179
1102.424
1103.044
1100.016
1103.656
1103.303
1104.665
1109.765
1119.224
1129.515
1137.528
1150.539
1168.502
1179.957
1189.38
1197.559
1205.434
1208.63
1206.315
1202.994
1200.38
1197.515
1194.804
1192.342
1185.824
1181.322
1171.69
1166.068
1117.828
1116.685
1111.852
1110.052
1108.258
1103.75
1107.544
1109.549
1112.738
1119.03
1125.548
1132.075
1136.406
1140.903
1140.595
1137.576
1133.06
1127.242
1120.457
1108.145
1090.494
1115.23
1112.257
1101.655
1093.47
1088.422
1057.904
1030.643
1030.012
1028.686
1032.737
1031.419
1071.694
1096.22
1091.685
1094.694
1097.207
1098.155
1116.609
1129.136
1145.017
1160.072
1168.464
1179.396
1184.765
1185.717
1189.577
1188.021
1186.158
1192.024
1187.139
1183.467
1184.14
1183.761
1180.773
1183.509
1187.675
1191.162
1195.743
1200.654
1138.719
1135.161
1130.843
1123.356
1119.882
1117.368
1115.215
1116.768
1119.264
1118.248
1122.437
1127.299
1133.543
1140.153
1145.484
1146.587
1145.092
1141.187
1134.832
1126.323
1110.183
1090.239
1088.713
1112.927
1102.779
1099.825
1099.881
1091.703
1077.483
1045.454
1039.906
1036.936
1036.735
1037.803
1043.914
1063.641
1108.683
1105.192
1121.254
1133.574
1145.262
1158.847
1168.913
1178.998
1186.454
1189.789
1195.048
1197.021
1197.554
1198.538
1200.662
1195.229
1192.916
1180.525
1170.843
1172.455
1174.122
1175.909
1188.797
1191.527
1127.541
1123.105
1123.71
1124.056
1124.441
1123.332
1123.706
1134.158
1142.608
1150.806
1160.246
1168.507
1175.806
1180.665
1185.332
1186.197
1183.944
1178.268
1168.041
1157.798
1149.324
1134.872
1124.54
1121.021
1124.475
1112.63
1102.366
1076.252
1054.874
1039.473
1039.591
1038.34
1039.139
1037.023
1036.062
1039.322
1037.263
1038.672
1038.437
1046.145
1057.287
1099.077
1111.737
1125.823
1140.243
1154.177
1165.633
1177.12
1183.707
1192.829
1197.576
1200.504
1199.993
1198.326
1197.677
1195.326
1192.962
1191.245
1188.005
1181.248
1136.595
1135.73
1130.917
1126.552
1121.468
1124.126
1119.42
1133.052
1132.106
1118.43
1119.436
1130.115
1136.88
1143.15
1149.826
1152.146
1151.261
1147.354
1138.916
1136.567
1138.961
1144.812
1143.115
1139.963
1137.236
1126.678
1117.746
1099.403
1086.91
1083.239
1080.007
1080.601
1083.052
1091.182
1104.521
1124.7
1151.016
1171.952
1188.273
1203.515
1216.388
1224.348
1234.651
1241.395
1245.19
1248.643
1250.381
1248.89
1245.405
1240.867
1233.164
1231.664
1232.7
1236.393
1238.167
1242.202
1241.191
1254.239
1255.862
1255.474
