1620.182
1620.674
1621.882
1623.4
1624.646
1627.477
1624.314
1628.731
1632.686
1633.067
1637.673
1640.296
1640.43
1640.245
1634.957
1624.461
1609.313
1577.591
1555.986
1531.515
1500.616
1469.553
1442.519
1404.189
1373.256
1341.454
1313.614
1287.554
1265.093
1242.579
1224.375
1207.867
1197.312
1190.862
1189.846
1191.854
1193.334
1201.03
1212.412
1227.688
1244.311
1262.805
1282.387
1303.197
1325.899
1347.799
1372.536
1393.627
1416.786
1439.776
1461.75
1480.344
1500.868
1521.823
1542.715
1559.453
1572.553
1590.918
1606.126
1616.814
1651.171
1651.018
1648.143
1646.922
1644.572
1634.308
1618.654
1599.352
1568.141
1540.14
1513.951
1482.63
1448.112
1418.518
1388.151
1355.187
1326.926
1299.136
1274.373
1249.067
1225.287
1207.971
1197.485
1190.293
1185.967
1187.422
1191.912
1199.927
1210.617
1225.246
1243.789
1264.244
1287.679
1311.034
1336.326
1362.581
1392.056
1417.57
1443.748
1471.628
1498.785
1523.061
1544.994
1566.24
1585.354
1603.846
1616.379
1627.199
1640.001
1650.941
1662.619
1670.705
1678.755
1680.528
1682.524
1683.777
1683.605
1686.024
1684.126
1680.661
1634.494
1633.195
1625.354
1615.718
1605.655
1592.734
1575.117
1557.643
1533.523
1507.841
1475.647
1443.637
1415.103
1381.046
1349.561
1320.493
1293.15
1270.097
1250.368
1232.299
1216.593
1205.61
1196.445
1192.792
1191.055
1195.527
1204.943
1219.501
1236.306
1254.538
1273.494
1297.155
1324.02
1352.117
1381.069
1407.922
1435.774
1458.643
1482.683
1505.966
1528.281
1550.566
1569.209
1585.352
1598.938
1612.711
1621.322
1634.863
1645.55
1652.454
1659.852
1666.354
1667.06
1665.419
1664.351
1659.358
1652.689
1645.451
1639.839
1635.004
1644.232
1643.953
1642.22
1640.552
1637.696
1636.855
1636.998
1636.606
1633.326
1634.336
1629.11
1624.765
1616.493
1606.735
1595.459
1583.305
1563.524
1539.086
1508.952
1480.113
1454.109
1421.605
1389.821
1359.938
1332.617
1304.186
1278.365
1255.344
1235.467
1216.673
1202.476
1194.358
1188.559
1184.302
1187.395
1192.064
1201.168
1214.223
1234.995
1257.589
1275.847
1295.99
1321.29
1345.015
1367.58
1394.302
1419.931
1444.949
1467.903
1491.991
1514.269
1532.653
1553.44
1570.554
1586.152
1601.269
1614.39
1623.055
1631.091
1640.983
1641.512
1640.166
1639.031
1635.509
1634.437
1632.47
1631.132
1625.685
1623.529
1618.566
1610.796
1599.916
1582.193
1566.514
1538.198
1509.456
1480.283
1448.258
1419.002
1387.976
1358.212
1332.949
1305.59
1281.735
1257.379
1234.058
1218.446
1210.8
1204.734
1201.334
1195.122
1193.675
1197.155
1207.874
1219.414
1234.672
1251.629
1271.886
1294.629
1319.693
1344.665
1369.441
1399.224
1425.479
1448.747
1472.768
1492.028
1511.137
1526.774
1543.245
1555.571
1571.742
1580.126
1589.782
1599.266
1606.667
1611.3
1610.803
1612.931
1616.395
1600.441
1588.762
1574.563
1557.998
1546.498
1530.088
1506.555
1481.048
1451.723
1424.71
1393.905
1365.036
1335.102
1306.513
1279.93
1256.844
1232.701
1209.267
1190.937
1172.053
1159.804
1150.384
1146.756
1143.421
1146.957
1155.654
1163.148
1177.124
1197.356
1220.54
1244.051
1267.643
1291.966
1317.619
1342.518
1365.273
1390.381
1416.006
1434.937
1455.574
1474.968
1492.848
1509.215
1525.044
1539.235
1556.869
1565.605
1576.06
1587.698
1599.014
1605.312
1612.909
1622.194
1620.307
1622.516
1623.998
1625.087
1623.494
1623.814
1625.166
1598.107
1594.939
1595.924
1593.703
1587.341
1580.447
1568.028
1559.902
1540.353
1514.224
1483.855
1454.419
1421.555
1388.445
1358.039
1328.999
1301.684
1275.587
1250.574
1226.466
1203.286
1184.225
1168.255
1154.21
1145.91
1140.589
1134.945
1133.6
1140.551
1153.152
1168.426
1186.604
1208.534
1229.905
1251.523
1274.595
1297.194
1321.572
1346.059
1367.548
1391.734
1413.989
1434.647
1454.01
1474.01
1491.79
1509.65
1524.552
1539.545
1554.199
1562.554
1574.019
1583.33
1591.417
1599.791
1607.144
1614.167
1616.651
1614.697
1608.773
1619.728
1614.098
1611.452
1608.109
1601.04
1590.51
1580.465
1572.675
1558.537
1543.183
1527.946
1506.916
1478.333
1435.226
1403.287
1372.574
1343.823
1317.171
1291.296
1265.427
1241.587
1221.68
1206.525
1194.588
1185.634
1181.467
1180.04
1183.086
1192.372
1205.095
1219.566
1239.481
1264.87
1291.852
1320.087
1346.306
1373.287
1403.552
1430.514
1456.49
1483.556
1511.202
1533.472
1551.376
1571.061
1586.232
1600.358
1611.983
1620.092
1631.38
1640.331
1644.727
1653.608
1650.909
1644.427
1645.577
1645.25
1644.107
1643.238
1642.334
1656.741
1654.724
1654.36
1654.058
1652.293
1647.948
1646.019
1641.421
1633.433
1619.793
1606.5
1587.75
1569.359
1547.163
1516.15
1482.487
1453.305
1419.406
1388.326
1361.619
1336.036
1310.692
1287.066
1264.518
1244.037
1229.306
1218.508
1214.519
1215.131
1218.654
1227.139
1237.425
1250.874
1266.83
1285.036
1305.327
1326.581
1347.846
1371.049
1397.737
1420.345
1443.235
1466.296
1487.064
1506.476
1526.435
1545.962
1562.275
1576.062
1592.422
1608.39
1617.848
1623.591
1632.737
1643.359
1653.816
1659.755
1667.252
1670.479
1681.642
1683.309
1686.527
1685.325
1689.366
1688.584
1689.852
1686.944
1678.731
1666.835
1656.443
1633.178
1604.368
1578.52
1546.596
1511.853
1483.453
1446.941
1414.836
1385.945
1358.5
1331.703
1307.418
1281.591
1260.543
1241.634
1227.737
1218.238
1215.103
1218.018
1218.989
1226.983
1239.112
1253.053
1273.588
1292.817
1313.867
1337.389
1361.231
1384.189
1407.222
1428.891
1451.544
1472.393
1494.268
1518.847
1535.691
1554.605
1572.137
1585.073
1599.96
1614.463
1627.125
1633.703
1645.147
1650.688
1656.693
1656.556
1662.393
1664.539
1658.937
