-10.76087
-11.57445
-9.699029
-10.17813
-7.88197
-5.538733
-0.487961
5.62506
9.237271
21.04982
35.53276
53.44224
74.68986
93.36415
116.0123
140.5275
165.301
189.8268
209.2106
227.1816
240.0528
243.8058
243.7031
232.833
225.9418
217.1162
205.7346
191.9288
172.6701
150.6302
125.7483
98.19396
63.88907
30.87105
-0.616862
-27.88547
-55.60292
-80.23273
-101.2052
-119.8408
-137.5304
-148.6978
-158.8613
-166.14
-171.997
-175.3264
-180.8941
-181.9847
-182.4937
-183.4899
-179.1928
-179.2707
-174.1677
-169.9498
-165.9118
-154.6482
-144.065
-137.9961
-127.9798
-122.2967
-2.027681
7.024333
18.92067
41.11571
66.1632
92.46799
118.6143
149.0783
173.3057
194.1974
212.4988
226.3444
234.0386
236.9062
234.6227
219.4841
206.65
189.3595
165.4585
137.4419
107.8438
76.15581
45.25316
10.51557
-21.05306
-48.76479
-74.38586
-94.72161
-116.858
-132.8455
-148.7306
-160.9161
-169.8567
-177.5391
-181.4729
-181.5408
-183.6309
-183.9178
-182.4032
-180.7914
-174.7655
-167.3574
-159.8748
-149.6196
-140.5877
-132.7945
-124.3636
-113.0236
-102.3496
-90.35694
-81.05593
-68.4915
-57.95495
-41.50976
-29.56664
-20.37461
-9.146149
1.906781
8.87351
14.16594
62.14814
73.38986
86.45544
104.9316
123.1016
140.5827
158.6903
177.6118
199.3734
218.1458
226.4516
231.9168
235.3063
227.401
218.9393
208.2054
189.9859
166.2588
131.0159
99.63474
70.33935
39.98682
7.610973
-21.91307
-48.85463
-75.223
-100.7491
-123.3249
-141.7751
-156.9157
-166.4039
-176.0507
-183.2281
-185.5881
-186.965
-187.8274
-185.6782
-184.9301
-181.8855
-177.1395
-169.3684
-163.2191
-154.7911
-145.025
-135.9302
-127.554
-118.4024
-107.8485
-95.33122
-81.76407
-70.82855
-57.91935
-43.85489
-34.97569
-21.22368
-8.833883
3.8752
11.93458
22.14066
27.31176
15.05774
17.03838
19.71364
25.04403
28.78685
34.25925
41.85477
51.50382
62.96675
75.91395
87.05183
106.7154
129.1201
151.6156
176.436
201.5871
228.6827
255.0937
273.0402
282.6254
290.5481
288.011
276.7874
261.6645
247.5692
232.7545
214.2165
182.688
149.9755
118.0328
85.43984
52.77319
20.45859
-6.121628
-33.92331
-61.10788
-84.78655
-104.4528
-124.6762
-141.8305
-154.9916
-162.5619
-168.8403
-175.2175
-178.4027
-176.7658
-172.7746
-166.3373
-161.3594
-157.3072
-146.6731
-137.7428
-126.3201
-113.8683
-101.0327
-88.239
-71.54793
-59.68303
-49.16889
-37.33817
-14.99028
-12.20239
-8.525278
-5.702389
0.093733
4.911085
17.40244
31.23735
49.76506
68.9715
90.04129
114.5483
140.0127
159.9993
183.3672
201.6106
218.6196
232.3126
234.5744
230.1667
222.774
214.0735
200.7228
174.195
146.5005
116.1848
82.63687
48.30619
16.78146
-12.39102
-39.08106
-64.04837
-85.8366
-107.1973
-128.4522
-143.3397
-159.3234
-169.3106
-177.964
-180.2963
-184.9073
-182.8419
-176.9529
-174.1513
-169.57
-160.7094
-147.845
-135.6496
-119.9641
-108.9028
-94.14186
-81.81551
-70.63011
-56.09108
-45.49234
-32.51281
-20.85414
-8.914715
4.108032
10.32613
82.19867
104.7993
123.5388
144.7986
163.9385
184.6776
199.8029
213.8568
229.2175
237.4331
239.6142
239.0517
231.8315
221.3354
206.3953
184.5669
161.9024
137.3391
111.4477
78.25176
42.47473
5.098506
-24.18474
-52.62519
-77.37041
-101.3361
-122.1548
-142.6562
-160.1203
-173.9539
-187.3791
-196.6638
-201.5258
-206.1517
-207.2807
-205.8353
-199.8356
-196.1927
-192.0233
-183.9618
-173.2832
-164.3919
-154.5376
-139.8419
-129.7486
-118.9837
-102.2457
-88.64591
-76.62655
-62.56018
-48.31338
-34.73442
-24.05638
-8.794638
5.990695
19.19658
26.99284
36.41123
46.1228
54.22194
37.04548
46.47512
57.42278
72.61924
89.69702
114.0448
138.6679
161.5396
192.2388
214.8473
230.1908
247.2738
248.3475
251.1345
245.2131
239.9137
229.9142
214.4324
195.208
170.5233
140.223
109.5081
75.76946
43.92098
11.4478
-19.31489
-45.76487
-73.4129
-98.9361
-122.7163
-142.963
-159.9482
-175.5303
-189.0428
-202.1886
-208.0567
-213.938
-215.0915
-213.264
-209.7328
-207.5957
-204.9603
-199.6321
-195.2124
-187.6637
-176.4909
-165.3282
-153.8546
-142.9832
-134.6247
-122.2766
-109.2831
-95.62415
-82.91404
-69.78426
-56.60097
-43.06808
-28.65926
-10.87302
2.485187
31.06772
45.27442
61.27067
80.02517
101.5752
122.1662
142.3028
158.7454
179.0899
201.1638
219.1797
229.6867
239.599
240.7654
234.6076
226.4693
218.3114
204.3291
186.555
164.471
135.3779
107.3014
75.34718
39.88221
2.406311
-29.30604
-56.43072
-83.36109
-107.8146
-131.8772
-148.7092
-166.1101
-174.3631
-180.0827
-185.6812
-188.89
-189.2389
-187.9884
-185.6783
-182.2046
-176.6137
-170.308
-162.1978
-150.3399
-136.0085
-123.9254
-111.0623
-95.87191
-78.68072
-65.87251
-52.22172
-35.42273
-27.30192
-15.90879
-4.08695
4.885411
8.054171
11.49929
14.24376
16.20859
-12.5734
-5.556726
3.935803
13.28418
28.38278
46.00681
63.87076
81.71875
102.0818
125.0815
146.5606
169.3584
190.7209
213.4646
227.1412
239.4516
245.418
244.3555
238.4618
228.7034
210.8584
189.9914
161.443
132.5247
100.98
67.68411
31.76196
-7.60334
-38.55873
-69.3098
-96.30607
-120.1731
-141.5675
-159.2984
-172.2649
-183.4494
-189.9553
-195.2187
-198.3173
-201.5043
-199.9604
-197.4569
-192.8937
-189.847
-183.0697
-176.8633
-171.8149
-164.9048
-152.7144
-147.0335
-142.5562
-133.7449
-124.8365
-111.1916
-101.9355
-87.68054
-80.45708
-70.90585
-62.79708
-61.01277
-16.86961
-9.850286
1.696291
14.36205
29.59059
52.25828
74.71265
99.40032
126.7034
153.0591
178.1237
202.5592
222.3696
236.7458
251.9204
262.8398
253.2096
248.0945
243.3102
232.0609
219.6451
204.2637
174.9687
146.3981
114.9691
84.27753
51.00937
20.2166
-9.999079
-34.28331
-61.01808
-82.26398
-99.94681
-116.1508
-128.2438
-137.8139
-146.7896
-150.6531
-153.7825
-155.571
-155.8723
-154.9675
-149.1242
-146.2513
-142.1426
-131.5003
-123.641
-114.4999
-106.9604
-99.28141
-94.09173
-84.1718
-74.53867
-67.51244
-57.88582
-48.42838
-37.57733
-26.4016
-18.1599
-6.482562
