167.8424
167.4149
165.6056
162.4309
164.3799
164.2198
163.5739
160.3543
160.4943
161.0018
163.6815
167.6398
169.654
176.4377
182.944
185.9529
184.673
166.6452
164.4929
163.8754
163.3684
162.0611
160.9728
149.0681
146.8501
143.957
142.8013
145.7824
147.1937
151.4127
156.4227
159.867
150.8248
140.761
125.4254
122.6474
120.704
118.9715
116.2046
114.0758
111.2501
111.1988
109.5088
111.2504
113.8535
115.347
118.1147
120.9976
123.8196
126.3708
126.9712
132.1836
132.0355
136.5391
140.1344
131.1301
129.5288
129.9592
131.195
133.0098
139.9464
140.5006
144.2469
149.8208
154.6864
158.118
161.6056
165.8531
155.5152
151.4236
149.4947
148.1525
140.5379
138.4949
137.854
130.9995
131.0295
132.1884
132.8072
133.2371
134.5717
136.5764
131.6404
120.5188
115.4377
113.6562
111.9811
111.0564
113.5373
115.9695
119.6725
123.0546
126.1431
132.0342
134.5747
135.0724
141.5045
147.8341
150.5079
156.3458
156.839
157.5264
158.0057
157.0892
157.9221
158.6277
154.3015
150.0774
151.6
149.5113
148.8202
146.7314
143.8905
137.8443
127.0219
121.7252
119.0302
119.1326
119.3302
116.0137
124.0122
128.0867
133.227
138.4639
145.5265
152.756
153.8888
154.0307
150.6778
150.3638
141.6038
139.3895
141.4629
139.4926
142.1338
145.6282
149.0058
153.1753
142.1599
139.8269
140.6046
139.8062
137.8411
138.7805
139.9016
140.7694
138.5285
138.3651
141.4388
145.5917
148.388
154.5672
158.2468
158.4805
161.5472
165.4124
167.4204
170.6257
174.8841
178.5086
178.4649
176.288
172.7268
170.3813
168.6499
169.2606
167.6524
168.9234
166.4042
160.4674
158.5504
157.9943
154.8522
151.6741
148.6976
141.8134
134.9962
129.887
128.605
127.2766
141.811
142.5943
144.1784
141.544
140.8358
140.6974
140.8363
139.8918
143.0876
148.3478
152.9457
161.1653
164.2703
169.2801
171.8564
170.1364
168.292
166.1631
159.5601
155.3754
155.3253
143.3018
133.5611
126.869
127.4789
129.9777
134.4357
131.4674
129.5452
126.8349
119.4857
112.7053
102.4721
97.91866
98.04512
96.76596
95.89833
96.33061
100.8172
104.0425
112.3278
116.7689
123.4606
131.6159
137.7617
143.2849
144.6592
149.5156
154.1425
160.0363
163.4463
161.4215
157.773
156.8721
156.5174
159.136
155.799
154.2655
153.3426
149.9049
143.213
142.907
141.1459
136.1398
137.5283
138.9888
140.2557
139.2151
139.7672
140.8552
146.2962
151.2041
155.0683
160.6762
152.5667
147.9356
143.0891
142.1494
138.6778
134.9272
137.1239
145.2911
152.3695
150.7218
154.8475
158.7672
160.5018
151.1586
142.9677
142.8183
147.0685
148.0817
146.8791
147.2878
148.6817
153.7511
161.2706
168.5152
176.5609
184.7097
189.7034
194.0402
198.4075
200.4601
202.9791
207.137
208.8845
209.4108
205.6763
207.022
206.0945
207.6989
206.1871
201.5606
198.4125
189.4215
179.0972
172.2948
169.9955
167.232
144.1389
146.4571
147.838
149.358
153.2042
156.5102
146.2722
140.0941
138.1358
135.3399
131.7797
127.2709
121.1481
117.8312
116.7431
113.1309
112.5122
115.0882
115.2374
110.7421
99.32901
83.51908
74.07177
67.73742
64.46079
64.38688
66.13097
68.17384
74.87292
77.83415
84.24541
89.82764
96.90059
106.9863
115.0411
124.7353
128.1136
135.3585
141.0989
145.8462
147.8264
151.0853
153.9145
151.5915
152.3514
155.5802
153.9418
154.5124
155.3004
153.5695
149.6083
147.0871
143.9614
135.3966
129.5757
123.0838
115.386
115.5954
118.1357
121.2424
135.6199
136.3378
139.7257
143.1562
147.2563
154.5889
164.6459
170.9066
168.2014
156.577
146.5408
145.2902
132.7287
126.9491
120.5435
119.2943
123.5915
126.3135
131.2132
133.7012
130.6833
122.7869
112.7629
106.2585
98.909
91.85787
88.6886
87.30263
87.63203
86.14788
84.15109
87.58416
92.76345
96.42008
100.1212
104.3677
111.7891
117.5973
121.2704
122.8453
129.714
137.6713
139.3288
145.4822
150.4681
152.5834
152.9266
153.137
155.3426
156.636
153.7612
155.4834
158.3873
161.38
159.4329
156.7275
155.7475
156.0552
141.8108
129.5959
129.3407
125.5212
125.883
127.2336
127.0964
126.1104
128.6794
133.2343
131.445
129.1033
129.0406
127.8928
122.3553
99.31994
91.52225
89.48121
92.88091
96.48427
102.804
109.0641
115.4365
119.0482
110.4797
100.9227
94.02026
91.18396
92.67375
93.02128
93.66943
96.25176
100.0407
102.9217
106.2071
107.9479
113.2735
123.0655
128.175
134.975
139.8275
143.5387
150.2784
152.9278
152.8324
146.1427
145.3015
141.5728
139.1619
139.02
136.0736
134.0367
134.32
135.2018
136.8018
135.0378
125.0048
119.9421
119.2816
118.0093
115.4041
115.3492
135.6133
132.34
129.1746
131.6102
136.1903
132.9132
137.556
140.2009
142.5949
145.8925
153.3785
160.5186
160.2408
162.4272
153.7582
146.3877
142.4662
137.005
135.6364
138.0432
140.4631
141.9752
144.3749
151.9438
155.4538
151.2413
144.5719
135.3482
134.2643
135.7498
134.5961
135.9009
135.2007
135.5099
136.6403
136.986
139.7331
141.6531
145.0718
151.9314
156.4797
159.0224
161.7705
161.4521
162.9674
163.8396
167.7033
169.8206
165.6007
167.3151
169.0605
164.8985
158.4397
148.1305
144.1148
138.6832
136.5065
134.3425
129.089
136.9995
146.2343
148.2396
142.6128
138.0345
138.5838
141.2085
136.7153
134.8473
137.063
142.8846
135.588
128.9185
127.1585
123.4166
123.4682
126.2309
110.4154
108.4901
111.4964
116.969
124.1584
131.3607
132.4711
131.2276
128.5199
120.8726
112.8282
106.2184
105.7676
111.0368
110.8731
113.2018
115.1686
118.9872
122.9939
128.9936
133.0452
138.3087
143.7922
149.6809
157.6126
164.7487
166.8516
171.5186
173.9089
169.3691
168.5516
166.4739
165.3738
167.1461
168.5591
167.006
163.5052
156.0483
151.8824
149.2005
148.7653
143.1228
142.5949
132.5489
