-0.3318549
-0.320785
-0.308904
-0.2640963
-0.2419181
-0.2133942
-0.1695999
-0.1228688
0.0462401
0.09391385
0.1383104
0.1696909
0.2091722
0.2355238
0.2591554
0.2879716
0.3017085
0.318075
0.3302021
0.3411703
0.3525038
0.3675127
0.3717131
0.3717801
0.3738273
0.3752358
0.3764064
0.3757704
0.3750978
0.3652827
0.3526284
0.3528069
0.3527607
0.3524854
0.3517932
0.3505189
0.3493977
0.3485665
0.3480496
0.347428
0.3470727
0.3465328
0.3463586
0.3464677
0.3462422
0.3610405
0.3564296
0.3513346
0.3458107
0.3406923
0.3349693
0.329206
0.3193925
0.3052142
0.2788739
0.2341964
0.2031323
0.1534738
0.1095924
0.04962796
-0.3137978
-0.3121045
-0.3144743
-0.2878292
-0.3615588
-0.3573437
-0.3309688
-0.2778106
-0.238583
-0.1935095
-0.1059914
-0.1036113
-0.04990076
0.0008389409
0.04837314
0.0915146
0.1303466
0.1710385
0.1896443
0.2254993
0.2458066
0.2724859
0.2998715
0.3284622
0.3554066
0.3584474
0.3894626
0.39834
0.4071419
0.4150622
0.4223062
0.4271519
0.4290786
0.4328687
0.4350854
0.4366428
0.4376326
0.4381112
0.438289
0.4382846
0.438077
0.4377325
0.4365017
0.4350796
0.4341641
0.4333076
0.4324
0.431373
0.430394
0.4291942
0.4279027
0.4264745
0.4250011
0.4240636
0.423056
0.4222313
0.4213649
0.4203275
0.4196422
0.4191333
-0.2851075
-0.2998528
-0.28863
-0.2721151
-0.2421505
-0.203596
-0.1607284
-0.112544
-0.05676834
0.005070217
0.06071856
0.1095188
0.1592857
0.2030222
0.2455165
0.2785082
0.3193174
0.343807
0.3569208
0.3685969
0.4005671
0.406305
0.4135265
0.4167055
0.4191955
0.4234896
0.4286221
0.431892
0.4351352
0.4397218
0.4406612
0.4425394
0.4441908
0.4474245
0.4485343
0.4501406
0.4519535
0.453055
0.453629
0.4537503
0.4531144
0.4524041
0.4514175
0.4504832
0.4491738
0.4479194
0.4466044
0.4451852
0.4441874
0.4435946
0.4429413
0.4421808
0.44149
0.4410324
0.4406335
0.4403964
0.4401509
0.440147
0.4401991
0.4396974
-0.4494601
-0.4487657
-0.4474001
-0.4462962
-0.3070838
-0.3035443
-0.2987541
-0.2840866
-0.2562573
-0.2210638
-0.1751891
-0.12863
0.007216798
0.1182484
0.2246632
0.3562815
0.4221921
0.4410748
0.4604489
0.464074
0.4674214
0.4677057
0.4673904
0.4635708
0.4591836
0.4538239
0.4481786
0.4450723
0.4431893
0.4426168
0.4424186
0.4423892
0.44267
0.4430427
0.4433091
0.4439075
0.4435958
0.4435021
0.4433621
0.4435407
0.443444
0.4435423
0.4421725
0.4414695
0.4378531
0.4382221
0.4333776
0.4280201
0.4206497
0.4093837
0.3408373
0.3361257
0.2913197
0.2321868
0.1702255
0.09083708
0.009941996
-0.07397474
-0.1683853
-0.2391048
-0.456302
-0.4526792
-0.4499478
-0.3363274
-0.308824
-0.2570248
-0.2458982
-0.1964034
-0.1438891
-0.05607735
0.06675734
0.120819
0.2223907
0.3229369
0.373646
0.394142
0.4086241
0.4152866
0.4207942
0.4239491
0.4274781
0.4299814
0.4313954
0.4320811
0.4323829
0.4325157
0.4338201
0.4339635
0.4340859
0.4343823
0.4344859
0.4348475
0.4345145
0.4337979
0.4327493
0.4314512
0.4304836
0.4299239
0.4294403
0.4292259
0.4296672
0.4281128
0.424056
0.4181591
0.4109061
0.4014183
0.3539543
0.3468515
0.3056487
0.2565826
0.1896766
0.1409947
0.08158646
-0.1679047
-0.2109799
-0.2204431
-0.2758235
-0.4416263
-0.4408199
-0.4401905
-0.2371619
-0.3347091
-0.2126194
-0.1520962
-0.15474
-0.1094221
-0.05717305
-0.00487572
0.05214129
0.09855127
0.130211
0.1742998
0.221743
0.261494
0.2954882
0.322297
0.354388
0.38541
0.392574
0.3978751
0.3764928
0.3118151
0.3104862
0.3010504
0.2840438
0.2751816
0.2637511
0.2487956
0.2439277
0.1956883
0.1895021
0.1835891
0.111151
0.1092588
0.1071634
0.104275
0.09762984
0.08906563
0.07730278
0.06635951
0.05938838
0.05718951
0.08052997
0.07075036
-0.01126903
-0.1171192
-0.2236867
-0.3070218
-0.3940094
-0.3765247
-0.3984696
-0.3902097
-0.3863427
-0.3842257
-0.3829906
-0.37846
-0.378328
-0.379107
-0.3781578
-0.3789247
-0.2113774
-0.1764535
-0.1519344
-0.1005632
-0.04835196
0.007001739
0.06217221
0.113302
0.1579052
0.1924041
0.2404939
0.2746522
0.3066026
0.3357725
0.3646885
0.3759524
0.3878851
0.3957062
0.4041295
0.4112554
0.4167012
0.4237447
0.426703
0.426729
0.4273983
0.427839
0.4280242
0.4292266
0.4296141
0.4301768
0.4304758
0.4308425
0.4316248
0.4331667
0.4343484
0.4352142
0.4355822
0.4366863
0.4378834
0.4385905
0.4368882
0.4345059
0.4325572
0.4305295
0.4285196
0.4262772
0.4233179
0.4192134
0.414699
0.4109879
0.4054814
0.4008083
0.397186
0.3485249
0.3573161
0.3345062
0.3095672
0.2707089
0.2252902
0.186383
-0.4593201
-0.4586346
-0.4560112
-0.3461834
-0.3509997
-0.3209932
-0.2807606
-0.2575118
-0.2216417
-0.199133
-0.161683
-0.1213203
-0.07919693
0.005014994
0.0550158
0.09589539
0.1230146
0.1637368
0.2050408
0.2416994
0.2730269
0.2989857
0.3303065
0.3606074
0.3748791
0.3868434
0.3941573
0.3994142
0.4039411
0.4061732
0.4070996
0.4074725
0.4072911
0.4059414
0.4044816
0.4029576
0.4028854
0.4015079
0.3955632
0.3484121
0.3245299
0.3033307
0.2536195
0.1754637
0.09359709
-0.02082658
-0.1288693
-0.2636932
-0.3368466
-0.4408755
-0.480286
-0.479799
-0.4825338
-0.4793868
-0.4739605
-0.4718072
-0.4701557
-0.4692163
-0.4727365
-0.4706794
0
0
0
0
0
0
0
0
0
0
0
0
0
0
0
0
0
0
0
0
0
0
0
0
0
0
0
0
0
0
0
0
0
0
0
0
0
0
0
0
1.32477e-317
6.929335e-308
2.113976e-307
1.60219e-306
0
0
0
0
0
0
3.63656e-317
1.467883e+248
2.470328e-323
6.947227e-308
6.933986e-308
6.934546e-308
0
5.432322e-312
6.937704e-308
2.086036e-308
0
0
0
0
0
0
0
0
0
0
0
0
0
0
0
0
0
0
0
0
0
0
0
0
0
0
0
0
0
0
0
0
0
0
0
0
0
0
0
0
6.929201e-308
3.16202e-322
9.346084e-307
1.33512e-306
0
0
0
0
0
0
0
1.424629e-306
0
1.358578e-285
6.937178e-308
6.934209e-308
1.704789e+258
5.432322e-312
6.944104e-308
4.172056e-309
