-0.02365867
-0.09370591
-0.1054803
-0.05246187
-0.04545629
-0.04253075
-0.03551611
-0.06861912
-0.08209734
-0.05687774
-0.03358508
-0.009939288
0.02231683
0.04112939
0.06092454
0.1019787
0.1187103
0.1417587
0.1634423
0.1786431
0.1997158
0.2161565
0.2293559
0.2444082
0.2570637
0.2696643
0.2824922
0.2913925
0.2983867
0.3067152
0.3146365
0.3163406
0.3176634
0.3190105
0.3201206
0.3210939
0.3215764
0.3218789
0.3220976
0.3221571
0.3219898
0.3217366
0.3212431
0.3196428
0.3176775
0.3136632
0.308858
0.304141
0.2979319
0.2929492
0.2873672
0.281679
0.2742289
0.2648782
0.2476245
0.2171932
0.1958884
0.1717835
0.1510753
0.1110932
0.007040307
0.008162059
0.01002204
0.04042262
-0.01537978
-0.01327757
-0.09789999
-0.04597335
-0.05393586
-0.02144907
0.0348045
-0.07222166
-0.05985076
-0.04688735
-0.02372093
0.0009636732
0.02227341
0.04972795
0.06127815
0.1020405
0.1206804
0.1480028
0.1701014
0.2051496
0.2316728
0.2650549
0.2893484
0.3265209
0.3535576
0.3826293
0.4083914
0.43018
0.4461161
0.4606478
0.4690533
0.4757894
0.4802954
0.4823505
0.483386
0.4837888
0.4839675
0.4839607
0.4830086
0.4817642
0.4803141
0.4786981
0.4760625
0.4738505
0.4712747
0.4678293
0.4643333
0.4603562
0.4555762
0.4511812
0.447799
0.4437338
0.4398416
0.4356474
0.4329709
0.4307536
0.03478707
-0.03311556
-0.05106853
-0.06986903
-0.07726508
-0.08313416
-0.09290824
-0.1179138
-0.1215986
-0.1280529
-0.09637453
-0.0653093
-0.04191397
-0.008362412
0.02481361
0.04803177
0.08006217
0.1159711
0.1529279
0.1872233
0.2277749
0.2510327
0.2834974
0.3118853
0.3313191
0.3491087
0.3704518
0.3914224
0.4077756
0.4270127
0.4448974
0.4605678
0.475961
0.4905153
0.5020804
0.5118431
0.521029
0.5267003
0.5318311
0.5355984
0.5375572
0.5396177
0.541208
0.5420904
0.5423236
0.5420901
0.5411166
0.5396752
0.5380024
0.5365457
0.5350322
0.5335939
0.5322548
0.5312288
0.5302141
0.5291837
0.5279704
0.5263103
0.5219073
0.5152618
0.09416449
0.09478272
0.09517573
0.09590276
0.02651588
0.03355131
0.03775873
0.02988195
0.02711141
0.0484224
0.06809754
0.06564549
0.199544
0.2058882
0.3745154
0.4562066
0.5441856
0.5879824
0.6125419
0.6177967
0.6208684
0.6222442
0.6230903
0.6238835
0.6240386
0.6227632
0.6210989
0.6184418
0.6161872
0.6149783
0.6135402
0.6119097
0.6103129
0.6082188
0.6057696
0.6039852
0.6017686
0.6004852
0.5996698
0.5991887
0.5990646
0.5996385
0.5996731
0.5999303
0.5994775
0.5999355
0.5968236
0.5922751
0.5837549
0.56755
0.5235602
0.5020463
0.466068
0.4262851
0.3814502
0.3337528
0.282981
0.209905
0.1964312
0.1310645
0.1026001
0.1017818
0.1001314
0.06974749
0.06859503
0.04916047
0.04494027
0.07073718
0.07928015
0.1251791
0.1855653
0.1974357
0.3475656
0.4136912
0.4903933
0.5377058
0.5601692
0.5701925
0.5753648
0.5778588
0.5808861
0.5835031
0.5857817
0.5878024
0.5899444
0.591793
0.5937519
0.5948575
0.5959027
0.5966858
0.5970374
0.5974528
0.5963233
0.594575
0.5920936
0.5891604
0.5858798
0.5824243
0.5799212
0.576884
0.5744002
0.5698435
0.5615584
0.5507114
0.5330132
0.504976
0.4636919
0.4273522
0.382826
0.332908
0.2609079
0.2067896
0.1638914
0.154253
0.1729567
-0.01052743
-0.08258983
0.08191144
0.08225699
0.0841461
0.2431785
-0.02729825
0.03427875
0.1667082
-0.0303525
-0.01095633
0.03524846
0.07986478
0.1272744
0.1662594
0.1905555
0.2376766
0.2932617
0.3280141
0.359001
0.3869891
0.4259705
0.4571758
0.4682238
0.4833347
0.5018348
0.5023862
0.5034887
0.5038862
0.4998689
0.497171
0.4921044
0.4880389
0.4846461
0.471857
0.4701481
0.4644642
0.4565413
0.4563197
0.4576687
0.4574854
0.4605767
0.460023
0.4592019
0.4506075
0.4370802
0.4029965
0.3426577
0.2741814
0.2355919
0.1926952
0.140706
0.1354105
0.1612458
0.1595898
0.1689548
0.1663891
0.168052
0.1683972
0.168433
0.168855
0.1695041
0.1696955
0.1800122
0.1768022
-0.004552383
0.004156306
-0.05329246
-0.0554511
-0.03117757
0.01072709
0.05336627
0.1037686
0.1477729
0.1879049
0.2478948
0.2931969
0.3261374
0.3549873
0.3947909
0.4237767
0.4544061
0.4738894
0.4963114
0.5166312
0.5322508
0.5491495
0.5603305
0.567795
0.5745174
0.5792513
0.5828498
0.585727
0.5869504
0.587664
0.5879465
0.5880725
0.5883021
0.58837
0.5869483
0.5854155
0.5834208
0.5814317
0.578858
0.5759495
0.5716124
0.5665815
0.5616931
0.5557808
0.5470523
0.5362979
0.5204893
0.5068185
0.4920739
0.475987
0.4558289
0.4362551
0.4189325
0.3900099
0.3673608
0.3367201
0.3031163
0.2665952
0.2241767
0.1772435
0.1126482
0.1130295
0.1084082
0.07720175
0.08818669
-0.02273639
0.03034934
0.02202428
0.03789262
-0.03473406
-0.01400882
0.007961685
0.04021575
0.1163594
0.1513898
0.1822115
0.2006573
0.2429228
0.2958028
0.3253489
0.3568439
0.3817824
0.4160299
0.4497788
0.4751621
0.4968768
0.5207464
0.5379617
0.5550572
0.5681835
0.579005
0.5865741
0.5933472
0.5977608
0.6000299
0.6012671
0.6011242
0.5977437
0.5896788
0.5663899
0.5522695
0.5289158
0.500348
0.4739766
0.4432611
0.4139002
0.3867275
0.3623133
0.346313
0.3034562
0.3150556
0.3130834
0.3016924
0.2966124
0.2986715
0.3007759
0.3039827
0.3070085
0.3083456
0.3140994
0
0
0
0
0
0
0
0
0
0
0
0
0
0
0
0
0
0
0
0
0
0
0
0
0
0
0
0
0
0
0
0
0
0
0
0
0
0
0
0
1.32477e-317
6.929335e-308
2.113976e-307
1.60219e-306
0
0
0
0
0
0
2.697567e-317
1.459401e+248
2.470328e-323
6.947227e-308
6.933986e-308
6.934546e-308
0
5.432322e-312
6.937704e-308
2.086036e-308
0
0
0
0
0
0
0
0
0
0
0
0
0
0
0
0
0
0
0
0
0
0
0
0
0
0
0
0
0
0
0
0
0
0
0
0
0
0
0
0
6.929201e-308
3.16202e-322
9.346084e-307
1.33512e-306
0
0
0
0
0
0
0
4.229095e-307
0
1.364961e-285
6.937178e-308
6.934209e-308
1.704789e+258
5.432322e-312
6.944104e-308
4.172056e-309
