1.387406
1.403131
1.389828
1.328746
1.30987
1.276754
1.24085
1.211096
1.145721
1.123148
1.105931
1.094568
1.080495
1.075668
1.073213
1.07066
1.069066
1.07026
1.071388
1.072034
1.072832
1.071266
1.072267
1.076467
1.07924
1.082758
1.085535
1.088251
1.090045
1.096395
1.097558
1.097473
1.097199
1.096655
1.09587
1.095156
1.094589
1.093845
1.092965
1.092179
1.091529
1.090719
1.090057
1.089093
1.087906
1.079655
1.079875
1.08033
1.08072
1.080425
1.080406
1.080162
1.080355
1.081487
1.085054
1.093987
1.096658
1.096728
1.093774
1.096724
1.37093
1.370829
1.370429
1.414386
1.429178
1.4227
1.406257
1.312665
1.262506
1.23083
1.174496
1.172457
1.134059
1.1117
1.093446
1.080311
1.072176
1.065278
1.063433
1.064244
1.064063
1.064961
1.06158
1.061882
1.057703
1.0779
1.068241
1.087464
1.104721
1.124017
1.13616
1.149648
1.161127
1.169607
1.175447
1.179363
1.181774
1.182737
1.183124
1.183107
1.18288
1.18215
1.180601
1.178274
1.174801
1.171234
1.167699
1.164747
1.162163
1.159125
1.156196
1.153797
1.151221
1.148653
1.146552
1.144444
1.142919
1.14122
1.140035
1.138946
1.386108
1.387774
1.374442
1.355489
1.323843
1.289637
1.254327
1.217628
1.180436
1.148788
1.119764
1.09967
1.086881
1.076399
1.068301
1.066228
1.065537
1.068177
1.083341
1.094271
1.089265
1.099083
1.114443
1.127612
1.139299
1.150413
1.161147
1.171276
1.179011
1.185327
1.194002
1.201391
1.207941
1.213485
1.218915
1.221957
1.224047
1.224757
1.224263
1.223137
1.221648
1.218906
1.215369
1.211439
1.207445
1.204236
1.201188
1.198475
1.196667
1.194924
1.193519
1.192579
1.191723
1.191094
1.190323
1.189594
1.188846
1.187612
1.185707
1.184294
1.271743
1.271792
1.271685
1.271655
1.371325
1.366557
1.36727
1.370363
1.351773
1.29306
1.223057
1.118977
1.077734
0.9675329
1.085771
1.080876
1.14936
1.227925
1.268692
1.278616
1.286815
1.2893
1.289076
1.284831
1.273191
1.263948
1.25607
1.249118
1.243737
1.239509
1.236784
1.23462
1.232419
1.230292
1.228385
1.226612
1.225234
1.224127
1.223277
1.222317
1.221056
1.218738
1.215288
1.210469
1.204355
1.194955
1.186821
1.177241
1.164842
1.149207
1.163961
1.120859
1.110383
1.107635
1.102874
1.099428
1.071767
1.037869
1.10214
1.125321
1.264076
1.265372
1.265853
1.284846
1.324268
1.317053
1.284989
1.209784
1.130489
1.055797
0.9770994
0.9317306
0.9979933
0.9751707
1.034145
1.091973
1.130618
1.15363
1.176385
1.190915
1.199734
1.204831
1.20805
1.209903
1.210782
1.211231
1.210331
1.209606
1.208553
1.207109
1.205083
1.202554
1.199295
1.195354
1.190797
1.18641
1.182035
1.177245
1.173455
1.16904
1.163403
1.15669
1.147627
1.135527
1.118624
1.098112
1.103882
1.068501
1.062417
1.062633
1.071879
1.05638
1.05393
1.188681
1.265326
1.23992
1.272992
1.293517
1.292929
1.293643
1.340907
1.37357
1.227843
1.220252
1.144801
1.097226
1.051586
1.015737
0.9917607
0.9818462
0.9789647
0.9839354
0.992129
0.9977271
1.006771
1.020413
1.038285
1.054084
1.070323
1.106968
1.162738
1.238453
1.24556
1.265332
1.28759
1.296493
1.310087
1.320489
1.323923
1.351026
1.353476
1.355511
1.329902
1.325259
1.317584
1.31274
1.300313
1.288224
1.265659
1.24111
1.212777
1.174317
1.113464
1.069218
1.065313
1.084982
1.12546
1.205108
1.30843
1.320552
1.336248
1.312958
1.30889
1.306516
1.304926
1.300998
1.298303
1.29517
1.284952
1.283392
1.21939
1.180365
1.126107
1.114826
1.072733
1.037656
1.006551
0.9879642
0.9784206
0.9777329
0.9773944
0.9862816
0.9933693
1.00228
1.016778
1.035477
1.057516
1.075846
1.097942
1.1172
1.132706
1.14675
1.159081
1.172193
1.183224
1.191715
1.199076
1.203601
1.205992
1.207247
1.207754
1.207729
1.207128
1.205196
1.201895
1.198099
1.193746
1.188925
1.184054
1.179628
1.175856
1.172372
1.168659
1.164408
1.158751
1.152687
1.145902
1.139934
1.133103
1.126013
1.120016
1.115321
1.110455
1.1301
1.108274
1.111817
1.116303
1.123528
1.136003
1.1441
1.265534
1.265863
1.268385
1.346082
1.309139
1.342109
1.307092
1.268505
1.223197
1.167964
1.127565
1.091215
1.056974
1.013524
0.9977978
0.9916255
0.9876373
0.9887319
0.9916515
0.9927062
0.9987655
1.007782
1.023592
1.033688
1.050451
1.069099
1.088332
1.102974
1.116748
1.128256
1.138073
1.144971
1.150215
1.153534
1.154952
1.155288
1.154087
1.149662
1.142624
1.16404
1.138842
1.1211
1.11677
1.112338
1.10696
1.093096
1.083207
1.095996
1.078792
1.146929
1.282638
1.281911
1.257703
1.240597
1.24763
1.249672
1.250456
1.251666
1.240243
1.251185
0
0
0
0
0
0
0
0
0
0
0
0
0
0
0
0
0
0
0
0
0
0
0
0
0
0
0
0
0
0
0
0
0
0
0
0
0
0
0
0
1.32477e-317
6.929335e-308
2.113976e-307
1.60219e-306
0
0
0
0
0
0
4.478417e-317
1.48377e+248
2.470328e-323
6.947227e-308
6.933986e-308
6.934546e-308
0
5.432322e-312
6.937704e-308
2.086036e-308
0
0
0
0
0
0
0
0
0
0
0
0
0
0
0
0
0
0
0
0
0
0
0
0
0
0
0
0
0
0
0
0
0
0
0
0
0
0
0
0
6.929201e-308
3.16202e-322
9.346084e-307
1.33512e-306
0
0
0
0
0
0
0
4.629317e-306
0
1.266908e-285
6.937178e-308
6.934209e-308
1.704789e+258
5.432322e-312
6.944104e-308
4.172056e-309
