1.249671
1.245823
1.217127
1.229432
1.224983
1.211151
1.197083
1.180605
1.17193
1.150938
1.145721
1.139156
1.114002
1.108661
1.116302
1.109414
1.109362
1.106308
1.104257
1.104173
1.103807
1.103514
1.103678
1.103728
1.103848
1.103745
1.104216
1.104386
1.104746
1.105992
1.105684
1.11127
1.111398
1.117979
1.121325
1.130252
1.128138
1.134091
1.135148
1.141955
1.148717
1.155885
1.173412
1.185764
1.195403
1.203661
1.226296
1.220762
1.214576
1.251139
1.25735
1.264654
1.287967
1.28849
1.287456
1.285196
1.284268
1.282565
1.293491
1.274331
1.251899
1.263779
1.291519
1.240991
1.269787
1.270318
1.277911
1.277717
1.275487
1.265381
1.255188
1.236636
1.238439
1.234698
1.228474
1.18725
1.205691
1.201616
1.242601
1.254965
1.256862
1.265496
1.276047
1.277141
1.276084
1.279807
1.266269
1.278707
1.268801
1.26818
1.267627
1.266317
1.283911
1.261606
1.282382
1.27894
1.257916
1.270873
1.269599
1.267449
1.265341
1.263446
1.258875
1.249871
1.240374
1.261995
1.228368
1.209388
1.202122
1.19706
1.205473
1.190308
1.177017
1.162854
1.159274
1.148343
1.138586
1.131316
1.127892
1.128666
1.11675
1.111271
1.064932
1.063074
1.096901
1.098891
1.110909
1.107414
1.11806
1.121511
1.12844
1.139756
1.144092
1.154509
1.162647
1.179479
1.191507
1.223575
1.232147
1.249633
1.263931
1.267179
1.269852
1.264385
1.258672
1.261778
1.26674
1.264158
1.26563
1.266815
1.267036
1.26785
1.266493
1.25831
1.251169
1.240579
1.238033
1.210474
1.203941
1.19842
1.179283
1.179813
1.159014
1.150639
1.155365
1.155247
1.14223
1.13321
1.131385
1.122842
1.109742
1.099453
1.106321
1.090506
1.086995
1.086786
1.086391
1.086009
1.085819
1.086018
1.086101
1.086079
1.085695
1.085867
1.086967
1.087933
1.091117
1.094531
1.099387
1.107138
1.111993
1.117539
1.122968
1.136976
1.140983
1.140174
1.15549
1.169617
1.185111
1.193056
1.199528
1.208288
1.230253
1.247848
1.257214
1.267814
1.273208
1.278519
1.273936
1.269822
1.267734
1.266884
1.265857
1.273818
1.273844
1.284292
1.263953
1.265989
1.266299
1.268072
1.268669
1.26804
1.262239
1.258574
1.250283
1.244566
1.241922
1.210629
1.2221
1.219192
1.209649
1.194813
1.176798
1.166065
1.156794
1.150398
1.143152
1.14078
1.127573
1.123273
1.098817
1.095137
1.094536
1.093912
1.09402
1.094459
1.095463
1.054946
1.054038
1.110561
1.112939
1.11708
1.121053
1.123471
1.130603
1.143588
1.149162
1.162384
1.208002
1.207898
1.273596
1.302929
1.285974
1.27707
1.283992
1.318209
1.287601
1.314695
1.322345
1.317182
1.316221
1.321838
1.321525
1.260571
1.260871
1.285765
1.283609
1.328603
1.300099
1.286261
1.240566
1.229654
1.219162
1.214858
1.220514
1.213694
1.2018
1.196918
1.172587
1.161553
1.156879
1.1482
1.139491
1.130198
1.119508
1.090278
1.097239
1.085594
1.085553
1.086899
1.088061
1.086213
1.086072
1.085751
1.085873
1.089084
1.088714
1.092255
1.092396
1.096844
1.099369
1.102456
1.10477
1.112215
1.110551
1.11356
1.124881
1.130277
1.138466
1.148552
1.169756
1.179403
1.196449
1.195078
1.218182
1.21713
1.263774
1.30411
1.29171
1.292754
1.290402
1.301283
1.299595
1.304783
1.309086
1.29732
1.295095
1.236224
1.220824
1.20104
1.208661
1.209776
1.224664
1.2158
1.20641
1.199237
1.172896
1.153734
1.155679
1.15668
1.156579
1.154436
1.136673
1.134162
1.131237
1.128806
1.124179
1.121608
1.118674
1.114182
1.111543
1.106986
1.105933
1.104294
1.103226
1.102289
1.101404
1.101087
1.10083
1.10119
1.102645
1.104634
1.108729
1.112619
1.115716
1.120874
1.123842
1.128389
1.138587
1.138981
1.142547
1.148018
1.153255
1.166833
1.176648
1.194543
1.190723
1.194613
1.200892
1.208956
1.269256
1.290146
1.261267
1.262104
1.291085
1.293029
1.288092
1.288095
1.28623
1.28462
1.283937
1.283688
1.282809
1.282333
1.281885
1.281762
1.281758
1.312234
1.281258
1.282069
1.277338
1.277872
1.277339
1.262336
1.260782
1.288402
1.254333
1.279474
1.223158
1.214006
1.218545
1.206172
1.192718
1.185134
1.160394
1.147214
1.14499
1.128666
1.117366
1.116414
1.112048
1.116759
1.105327
1.10279
1.101456
1.099962
1.098102
1.09723
1.09648
1.095617
1.095113
1.094864
1.094694
1.094411
1.094179
1.094646
1.097635
1.098721
1.098003
1.098291
1.106563
1.108557
1.110925
1.116463
1.121626
1.126574
1.131072
1.135624
1.137215
1.145676
1.152753
1.162007
1.176085
1.182143
1.188714
1.196848
1.203203
1.258616
1.277786
1.282466
1.285671
1.291887
1.284417
1.25094
1.234433
1.23549
1.248104
1.247563
1.280122
1.27027
1.262326
1.254728
1.286792
1.285568
1.28834
1.296686
1.286267
1.220245
1.189467
1.203099
1.189639
1.179211
1.15321
1.143694
1.13805
1.132081
1.124499
1.122302
1.118439
1.116817
1.111365
1.109334
1.114286
1.120446
1.110882
1.109712
1.105964
1.103161
1.101069
1.097041
1.096278
1.09498
1.094771
1.094753
1.095087
1.094699
1.093088
1.100235
1.10051
1.1014
1.102181
1.105273
1.109547
1.111976
1.117436
1.121973
1.12928
1.137455
1.142563
1.162388
1.171573
1.190422
1.183838
1.203899
1.199189
1.243509
1.246928
1.27456
1.273143
1.247783
1.247194
1.24615
1.246132
1.24532
1.244583
1.243795
1.24352
1.242906
1.24285
1.242552
1.242601
1.242686
1.278224
1.262778
1.275802
1.271501
1.244236
1.245757
1.234604
1.229987
1.226497
1.236502
1.216504
1.215081
1.214287
1.213141
1.177958
1.211004
1.196673
1.197642
1.206939
1.206021
1.205257
1.199432
1.203537
1.203183
1.202887
1.203146
1.204231
1.220186
1.221007
1.221224
1.211874
1.220796
1.226189
1.23036
1.241741
1.242726
1.247363
1.258919
1.272892
1.279295
1.288703
1.297226
1.30476
1.3091
1.31696
1.318986
1.328396
1.333052
