0.01280869
0.03607802
0.06162382
0.08600237
0.1041742
0.1260728
0.1532996
0.214628
0.2146877
0.1808476
0.2243625
0.2219907
0.1671157
0.1616743
0.1374141
0.1144409
0.1131403
0.1096071
0.1122727
0.1119246
0.111152
0.1104104
0.1095659
0.1095925
0.1095987
0.1099568
0.11019
0.1099981
0.110027
0.1173674
0.1225173
0.1132301
0.1099669
0.1085378
0.1068959
0.09259132
0.09961516
0.09882478
0.1266414
0.1179936
0.1108196
0.1876578
0.1886714
0.1488516
0.127643
0.1151341
0.08525957
0.07413344
0.07213367
0.01654827
0.001686628
-0.01796519
-0.06675301
-0.07069025
-0.07392488
-0.07363625
-0.07620451
-0.07810646
-0.09999871
-0.09165865
-0.08545312
-0.08436687
-0.103815
-0.01808616
-0.07963807
-0.0799619
-0.08520392
-0.08165811
-0.07153469
-0.04550821
-0.02375622
0.0193313
0.029634
0.03710372
0.06501764
0.1503908
0.09980009
0.07737665
0.009210582
-0.01566122
-0.02854521
-0.05095119
-0.0696058
-0.08040984
-0.09301261
-0.1080217
-0.08622289
-0.09909755
-0.08973631
-0.08913851
-0.08931396
-0.08965415
-0.117006
-0.08949213
-0.1200854
-0.1195032
-0.08917421
-0.1020034
-0.1004995
-0.09670019
-0.09014685
-0.0815098
-0.06651857
-0.0443626
-0.02177899
-0.02355526
0.02889246
0.04843044
0.06288201
0.07381375
0.1004035
0.1540865
0.1413251
0.2014855
0.2014954
0.2188451
0.2269543
0.2269822
0.2235788
0.220031
0.1936476
0.1872631
0.05050045
0.05432881
0.08184421
0.08016648
0.08518375
0.1556474
0.2288658
0.2363161
0.2327839
0.227949
0.2274327
0.2120461
0.2103017
0.1860715
0.1670432
0.08197912
0.02327856
-0.01200964
-0.0443384
-0.06352313
-0.08453356
-0.1133308
-0.1055068
-0.1037463
-0.1333494
-0.1024635
-0.0998783
-0.09639908
-0.09047785
-0.08407387
-0.07183225
-0.05424871
-0.03656039
0.002565156
0.02504873
0.05798246
0.07334782
0.08972679
0.1046245
0.09690717
0.1036445
0.08304454
0.2257646
0.1691262
0.2174334
0.222332
0.2231068
0.2198392
0.2008363
0.1902938
0.1238717
0.08092462
0.08486525
0.08494647
0.08568554
0.08604828
0.08693838
0.08748283
0.08763861
0.08774951
0.08893938
0.08944037
0.0876188
0.08934437
0.09081961
0.08749211
0.09113453
0.09205239
0.09088907
0.08869055
0.08997983
0.1223753
0.1181782
0.2383566
0.1823961
0.162637
0.1677996
0.1095468
0.08933498
0.06053857
0.04548506
0.002364447
-0.02225109
-0.0458615
-0.06322712
-0.08003759
-0.09984681
-0.09833799
-0.09746249
-0.09701771
-0.09563951
-0.1043934
-0.104578
-0.1248517
-0.09033152
-0.09155135
-0.0892193
-0.08728459
-0.08176704
-0.07126775
-0.05676282
-0.04412164
-0.02794484
-0.000668284
0.02651148
0.07539968
0.1016869
0.1133362
0.130351
0.1885734
0.2058685
0.2196541
0.1985659
0.2054604
0.1843088
0.1808893
0.2366803
0.2294531
0.1969498
0.193178
0.1933128
0.1937857
0.1943329
0.1960671
0.199523
0.2813114
0.2809349
0.2234982
0.2288719
0.2335366
0.2377412
0.239053
0.240016
0.2193114
0.2153067
0.2215908
0.1284187
0.1091114
-0.006354693
-0.0442246
-0.05417589
-0.05659612
-0.08115547
-0.1078906
-0.08502956
-0.1042287
-0.1114812
-0.1072439
-0.1065278
-0.1113225
-0.1112441
-0.05739052
-0.0608996
-0.08166024
-0.07860387
-0.08951025
-0.07223213
-0.05256545
0.03001264
0.04779043
0.06857254
0.07824348
0.08449142
0.1026479
0.1381475
0.1441506
0.2247822
0.2125183
0.2065262
0.2170536
0.2242277
0.2491624
0.2346159
0.1979719
0.132522
0.08998505
0.09009632
0.0913059
0.09258144
0.09127175
0.09119819
0.0912656
0.09142998
0.09536819
0.09407473
0.09499919
0.09500411
0.09758596
0.09752441
0.09721192
0.0975241
0.1139451
0.1286297
0.1776268
0.2093788
0.2110992
0.2169533
0.214489
0.1967283
0.1807964
0.1103546
0.09125386
0.07389344
0.05315029
-0.0406642
-0.06230842
-0.06693755
-0.08565339
-0.1121483
-0.1118251
-0.1177191
-0.1070115
-0.0916873
-0.07468583
-0.04569957
0.03584424
0.06670718
0.07307685
0.09660239
0.1050065
0.1301879
0.1561762
0.1766362
0.2443915
0.2570974
0.2277859
0.2303217
0.1982894
0.1962338
0.1920066
0.1388529
0.1300562
0.1218451
0.1159007
0.1110723
0.1081154
0.1061393
0.1041856
0.1025492
0.1004579
0.09989364
0.09966767
0.09985094
0.09972082
0.09905976
0.09888934
0.09831016
0.09771395
0.09761582
0.09789635
0.09869
0.09846782
0.09810254
0.09575788
0.0949053
0.09621588
0.1155129
0.1294693
0.1669788
0.2040789
0.2233537
0.2128508
0.1910754
0.1281133
0.1108714
0.09383024
0.08531603
0.06254061
-0.02208338
-0.04907159
-0.04431419
-0.05593495
-0.08696904
-0.09476479
-0.1024492
-0.1151313
-0.1125415
-0.1133035
-0.1138749
-0.1180084
-0.1180955
-0.1183284
-0.1192418
-0.119445
-0.118992
-0.1516545
-0.1068783
-0.1088885
-0.1055216
-0.1049657
-0.0992545
-0.07505609
-0.06801914
-0.08748681
-0.03969494
-0.03451407
0.03760294
0.05375572
0.07074021
0.09126654
0.1198223
0.129365
0.2053208
0.2045141
0.186175
0.2129437
0.2294576
0.2283206
0.1866018
0.1392128
0.09553339
0.09479534
0.09435737
0.09464605
0.09503841
0.09503998
0.09462313
0.0948402
0.09434871
0.09385642
0.09362298
0.09360667
0.09347802
0.09386777
0.0956016
0.09614294
0.093846
0.0928847
0.09607922
0.0995832
0.1009451
0.108479
0.1169542
0.1228544
0.1298766
0.1349745
0.1850798
0.214753
0.1995343
0.2268492
0.1961627
0.1357917
0.09512623
0.06383669
0.06034119
-0.03416997
-0.04815463
-0.07324452
-0.09208231
-0.1026807
-0.1255775
-0.1084311
-0.04752073
-0.04787349
-0.05407498
-0.1212101
-0.11601
-0.124321
-0.1219376
-0.07866332
-0.1351682
-0.09112173
-0.08008331
-0.07567038
-0.03519125
0.1013514
0.0977783
0.174118
0.1530953
0.1721005
0.2345135
0.2534448
0.2580172
0.2303861
0.2344143
0.2562155
0.2479503
0.2421395
0.2363307
0.2307409
0.201849
0.1653154
0.111356
0.1121155
0.1111272
0.1105536
0.1097357
0.1084852
0.1074197
0.1063204
0.1061491
0.1063005
0.1064598
0.1049089
0.1045479
0.1069634
0.1067167
0.1065704
0.1069847
0.1095392
0.1150816
0.1189069
0.1273483
0.1719611
0.2163244
0.2086888
0.2321787
0.2161625
0.1595112
0.1273749
0.103096
0.08876951
0.07526239
-0.01964461
-0.04210012
-0.06656605
-0.07628186
-0.09925
-0.09616357
-0.0947767
-0.09465215
-0.09407252
-0.09373808
-0.09361818
-0.09367289
-0.09372345
-0.09413317
-0.0937591
-0.09330384
-0.09262978
-0.09778997
-0.06054064
-0.09430449
-0.07109597
-0.007037519
0.3341494
0.3562923
0.3506064
0.3750845
0.375008
0.3470564
0.3475459
0.3447435
0.3618957
0.2406909
0.2958563
0.2750793
0.2764179
0.2344232
0.2332279
0.2327174
0.2372703
0.2271016
0.2275315
0.2296244
0.2283304
0.2287602
0.2469287
0.2470172
0.2442137
0.2611697
0.3212234
0.3170252
0.2741952
0.3234169
0.3278732
0.3306123
0.3163655
0.3134035
0.3007855
0.2420687
0.2605058
0.2147917
0.214142
0.1737949
0.1531477
0.1180695
0.09317737
