0.1108949
0.1105534
0.02919158
0.07759706
0.06552968
0.03886593
0.01049965
0.01606787
-0.0119832
-0.1073796
-0.1066131
-0.1507502
-0.2362172
-0.2452438
-0.2495736
-0.2652246
-0.2673569
-0.2717826
-0.2743995
-0.2747591
-0.2752769
-0.2755487
-0.2755634
-0.2757604
-0.2760312
-0.2766277
-0.2766836
-0.2771851
-0.2774062
-0.2775722
-0.2778371
-0.2700004
-0.2670828
-0.2530616
-0.2460237
-0.2309483
-0.2321001
-0.2075841
-0.1728396
-0.1555176
-0.1320222
-0.05646934
0.004121271
0.001729552
0.02032344
0.03822038
0.09773377
0.04117769
-0.001041615
0.0944639
0.09523413
0.09421152
0.1151187
0.1100688
0.1046834
0.1002025
0.09777652
0.09610631
0.1270829
0.09525205
0.06316625
0.07831031
0.1276669
0.02493303
0.08833961
0.08871759
0.09866893
0.0974016
0.09592047
0.0885739
0.08349575
0.07441945
0.08959114
0.08714502
0.09199797
0.01649071
0.08519007
0.002999123
0.1143911
0.09679706
0.09290345
0.09059034
0.1090184
0.1036444
0.1029989
0.1005553
0.06888205
0.08379865
0.06675643
0.06735435
0.06776163
0.06671228
0.09469177
0.06786077
0.1026862
0.09932525
0.07203543
0.0863965
0.08764314
0.09207059
0.09582485
0.09647722
0.09643171
0.09123669
0.09264482
0.1077217
0.1101281
0.05817982
0.04470526
0.03238969
0.07566146
0.0937122
0.02484848
0.03748605
0.01713463
-0.006373081
-0.04974755
-0.08311872
-0.1072972
-0.1377088
-0.2265596
-0.24309
-0.2830315
-0.2849629
-0.2576762
-0.2552023
-0.2335633
-0.1900654
-0.1133892
-0.0950845
-0.06712169
-0.03361885
-0.01860807
0.000788155
0.03011148
0.06148104
0.08491817
0.08480592
0.08622424
0.08984348
0.09753753
0.09607352
0.1012256
0.09639458
0.08842391
0.1030782
0.1032289
0.0849338
0.08770013
0.08989343
0.0909692
0.09187178
0.09528831
0.09330645
0.08939974
0.0928905
0.1040476
0.0482233
0.03645927
0.01597345
-0.03107622
-0.0396494
-0.09493934
-0.1724446
0.0128526
-0.04013268
-0.03713923
-0.06509835
-0.08321315
-0.1052294
-0.2111092
-0.2389989
-0.2390578
-0.2566755
-0.2606542
-0.2614838
-0.2623841
-0.2631227
-0.2634406
-0.2631836
-0.2632152
-0.2632507
-0.2638987
-0.2627925
-0.2612002
-0.256749
-0.2506948
-0.2512543
-0.2440585
-0.2360021
-0.2310936
-0.2230254
-0.2100022
-0.1433347
-0.1289814
0.001245378
-0.002993561
0.02098645
0.0837127
0.04377998
0.04535409
0.04478202
0.112639
0.1047559
0.0929867
0.09705823
0.100095
0.1010859
0.08669555
0.08542053
0.08485459
0.08498164
0.08542806
0.1186093
0.1193557
0.110745
0.08849849
0.08851984
0.08738123
0.0877854
0.08909316
0.09086594
0.09455121
0.09451132
0.09522819
0.09831701
0.1058243
0.05080681
0.01776071
0.07760816
0.06890651
0.08578079
0.05082923
0.03289515
-0.0164282
-0.03827108
-0.08763468
-0.1049191
-0.1113669
-0.1382738
-0.2428137
-0.2521575
-0.2524926
-0.2527381
-0.2518373
-0.248967
-0.2427108
-0.2774371
-0.2759152
-0.1908972
-0.1710783
-0.147886
-0.1206696
-0.1075079
-0.08112399
-0.05008309
-0.03569803
0.01623066
0.07126883
0.02021069
0.1608503
0.2047072
0.1421521
0.1008523
0.08665908
0.1309351
0.080026
0.1334075
0.1497379
0.1394707
0.1387711
0.1485554
0.1471502
0.118918
0.1201855
0.09745468
0.09757308
0.1714901
0.1362359
0.1329592
0.1002924
0.09840012
0.08770525
0.08233197
0.09968168
0.09409368
0.08135624
0.06711855
0.0786531
0.02212429
-0.004220158
-0.03499468
-0.06703158
-0.08611042
-0.1515254
-0.2412509
-0.2367804
-0.2505916
-0.2508976
-0.250749
-0.2496026
-0.2504632
-0.2506857
-0.2508547
-0.2503166
-0.2464781
-0.2458144
-0.2398255
-0.2385327
-0.2329706
-0.2281918
-0.223516
-0.2154222
-0.1857177
-0.1768053
-0.1153097
-0.04650205
-0.02043783
0.01569341
0.04689101
0.09192999
0.1057031
0.09168071
0.06363124
0.1276464
0.09888187
0.1277451
0.1831576
0.1509696
0.1428693
0.1346315
0.1602459
0.1733575
0.178212
0.1607197
0.1311897
0.1692815
0.1088497
0.1018128
-0.004527736
0.009471227
0.06488898
0.1137763
0.09074008
0.06751589
0.09003528
0.0320482
-0.06900005
-0.06330912
-0.09662092
-0.1122111
-0.1326662
-0.1869487
-0.2021574
-0.211253
-0.2171522
-0.2255594
-0.2304568
-0.234524
-0.2399915
-0.2428653
-0.2474282
-0.2480894
-0.2493693
-0.2500224
-0.2505924
-0.251198
-0.2512283
-0.2514205
-0.2513502
-0.2503376
-0.2479438
-0.2423212
-0.2417816
-0.2350576
-0.2295976
-0.2220774
-0.2121766
-0.1814601
-0.158834
-0.08879565
-0.02802474
0.02799084
0.06829656
0.08878032
0.07151861
0.06090837
0.06100573
0.08015317
0.09059778
0.1232581
0.1657996
0.1143819
0.1090239
0.1540768
0.1581642
0.1377955
0.1300137
0.1358844
0.1372727
0.1383839
0.1362486
0.1375543
0.1377529
0.1382625
0.1388276
0.1395968
0.177378
0.1459471
0.1520168
0.1383589
0.1375687
0.1287643
0.1022308
0.1024954
0.1405581
0.1071852
0.1239105
0.1089256
0.1016756
0.1239711
0.1079881
0.08705096
0.07268816
0.08271284
0.03112298
-0.004180692
-0.06235838
-0.1288193
-0.1397456
-0.2023104
-0.2228998
-0.2431653
-0.2473532
-0.2493415
-0.2509955
-0.2520674
-0.252633
-0.2531027
-0.2529791
-0.2533233
-0.253664
-0.2538333
-0.2538582
-0.2536215
-0.2522883
-0.2503575
-0.2480552
-0.2485988
-0.2476288
-0.234644
-0.2316587
-0.2275375
-0.216139
-0.2039239
-0.1906237
-0.1736541
-0.154827
-0.09558521
-0.03211332
-0.003882114
0.07280748
0.09957794
0.07396331
0.06467991
0.06372227
0.1004522
0.1414414
0.1985532
0.1512979
0.138431
0.155649
0.1600702
0.1548734
0.1058486
0.1068801
0.1188457
0.163212
0.1443437
0.1679375
0.1696412
0.1031209
0.1509523
0.1465855
0.1540965
0.169686
0.1762345
0.1270031
0.04223456
0.1493119
0.08382291
0.05828078
0.05451408
0.04090104
0.003536444
-0.04578711
-0.07742675
-0.08541297
-0.1313273
-0.1452589
-0.1623961
-0.1749527
-0.1773536
-0.1894586
-0.2187235
-0.2215798
-0.2269174
-0.2284141
-0.2301269
-0.2334954
-0.2344649
-0.2357323
-0.2359559
-0.2359571
-0.2356718
-0.2375343
-0.237932
-0.2275098
-0.2266117
-0.223226
-0.2193993
-0.2107311
-0.1965535
-0.1877647
-0.1691475
-0.1084703
-0.0499488
-0.01467964
0.02854273
0.07906142
0.0547749
0.08443158
0.06046182
0.1266756
0.1232718
0.1416291
0.1379393
0.1526416
0.1916988
0.1277062
0.1280875
0.1290379
0.1291518
0.1301285
0.1307075
0.1311672
0.1315053
0.1316259
0.1313926
0.1316835
0.132142
0.1334316
0.1509043
0.1713975
0.1527002
0.1508998
0.1605987
-0.05323809
-0.09022426
-0.1204455
-0.1514864
-0.1669677
-0.2205688
-0.2227134
-0.2287683
-0.2421278
-0.264268
-0.2400232
-0.2706223
-0.2716746
-0.2764094
-0.2818922
-0.2858659
-0.2959431
-0.2900009
-0.2913008
-0.2906449
-0.2919377
-0.2902781
-0.3066458
-0.3078545
-0.3055628
-0.2825218
-0.2375512
-0.2112102
-0.2068372
-0.1379328
-0.1313265
-0.107801
-0.07632837
-0.02897202
-0.01337347
-0.02043362
0.02251506
0.01957566
0.05034753
0.06737625
0.06940985
0.09496471
0.1015785
