152.6515
145.4395
135.1399
126.2802
112.6263
94.90283
70.79781
28.41732
-14.26843
-38.02562
-71.56461
-128.2377
-128.2377
-171.3289
-213.3517
-240.7398
-257.0494
-269.7088
-272.6319
-272.4583
-269.841
-268.3038
-270.7791
-274.4818
-273.6035
-288.137
-305.5503
-317.2863
-319.4466
-316.3179
-313.7133
-312.2852
-305.5736
-300.3447
-293.1591
-280.59
-269.9508
-246.8698
-217.8427
-187.8177
-151.1098
-98.79181
-30.09265
23.8647
82.76845
100.9456
142.9335
169.8122
196.4045
209.5051
213.5652
218.3622
219.9488
220.2055
221.1264
220.4076
218.8455
215.7527
214.6784
212.8271
184.5208
181.2694
180.1208
172.764
158.5222
138.3195
118.5765
93.02051
55.7993
-2.47515
-34.62125
-67.42776
-125.7624
-137.0979
-168.2649
-203.2512
-231.4621
-250.1893
-265.6122
-278.4918
-289.347
-299.583
-309.3311
-311.3116
-319.1415
-353.0347
-348.4274
-350.6311
-363.9123
-378.861
-379.1919
-379.9823
-379.2683
-378.4785
-377.0312
-371.7037
-364.827
-358.5173
-344.4384
-329.2402
-312.0586
-291.641
-263.3087
-216.4849
-169.5687
-107.7442
-56.94277
-1.553901
80.52377
121.9508
156.6882
179.9898
193.6963
202.6886
205.1951
207.6134
210.7449
211.9872
212.3569
211.9827
178.1851
176.6741
175.3507
171.7604
166.0664
154.4606
141.2969
126.4684
94.4813
54.54059
4.435115
-41.61424
-84.4429
-144.0428
-151.7319
-169.4641
-187.6343
-204.6305
-215.3587
-219.7219
-217.8293
-203.8202
-193.5487
-190.3968
-186.9323
-186.0949
-193.5848
-193.9448
-198.6435
-199.341
-377.8098
-377.8098
-406.801
-411.7066
-403.5052
-391.8302
-379.7867
-368.6522
-357.4196
-346.1887
-337.5614
-330.2368
-318.7804
-301.5121
-281.998
-263.5906
-243.0477
-217.8847
-189.7437
-155.0196
-102.8965
-30.21475
26.12455
26.12455
111.3389
146.6453
179.3364
201.021
212.1553
219.5594
232.9453
231.3239
225.7385
219.6612
209.1664
197.8459
182.4202
144.6912
107.6799
70.46742
8.099855
-37.1349
-99.91207
-137.397
-167.8094
-202.7126
-232.8625
-255.9531
-274.8809
-287.9478
-296.4352
-304.3004
-314.0196
-321.206
-325.3402
-332.1688
-328.5507
-334.471
-337.6588
-343.1809
-343.5418
-339.8071
-336.9051
-328.4753
-324.2322
-316.6399
-306.1362
-298.3285
-288.9503
-276.6654
-263.5497
-245.1064
-211.5564
-175.5198
-131.6525
-59.88041
-6.155514
-6.155514
101.0589
143.4526
178.9771
202.1151
220.4524
230.0242
233.5053
240.059
241.2526
244.2039
243.0498
246.58
254.9624
254.0937
255.1528
253.5097
249.9871
245.3363
241.6879
236.2157
224.8259
211.9779
186.4313
135.3726
97.90205
28.70354
-19.46109
-92.64616
-94.07928
-129.9138
-165.6151
-186.8212
-210.1081
-224.6178
-237.1867
-246.2374
-250.3255
-254.6501
-254.2707
-257.2938
-261.0762
-278.0384
-278.8165
-276.5236
-279.3968
-286.9071
-297.1628
-300.6547
-298.7737
-292.8217
-285.0519
-278.0015
-271.9628
-262.7734
-252.8152
-240.0662
-223.2664
-200.5957
-171.8751
-140.6486
-103.4231
-61.47903
6.57631
73.98552
91.55667
140.5776
174.3777
196.4118
215.1512
225.7728
227.5339
229.1629
284.2088
281.7455
280.0822
275.7598
268.6941
258.292
248.8258
231.0756
194.7924
157.4467
120.6253
71.92759
18.95825
-28.18002
-75.23481
-94.27549
-123.0008
-149.6606
-174.4377
-188.689
-204.6286
-214.7039
-223.9459
-231.9379
-240.8958
-246.8028
-256.0595
-269.3478
-268.7778
-276.6933
-286.2833
-300.094
-302.0312
-304.9973
-307.1201
-306.2498
-301.5842
-296.8591
-288.6499
-282.2179
-272.2621
-258.4892
-243.765
-224.1179
-208.5069
-186.3631
-159.895
-122.657
-57.64848
-7.558801
57.45692
94.96036
125.3018
182.5853
214.8253
238.2787
257.4438
267.0988
275.503
279.4333
193.0343
169.5122
145.3192
122.9374
93.77694
64.22472
29.57081
7.870351
-18.78378
-62.78812
-94.4448
-131.7147
-174.8698
-216.107
-257.841
-287.9195
-319.2479
-339.6344
-357.8212
-372.6073
-377.1575
-378.8071
-376.2471
-377.5468
-377.3867
-375.1817
-376.6791
-363.3595
-357.3889
-337.671
-340.601
-346.1402
-343.3087
-339.1635
-326.1955
-314.7229
-303.6074
-293.8866
-277.4297
-257.5615
-235.823
-203.7019
-162.9462
-131.5793
-71.91143
-19.31943
35.53817
66.43586
107.9249
146.6891
185.6855
209.9128
222.7724
230.7801
235.6473
239.8629
242.503
250.2372
253.3975
257.873
284.9887
282.4038
275.7452
266.9435
262.065
261.0015
253.9686
246.3449
231.2082
212.9078
174.385
139.8293
100.4978
42.56311
0.38504
-36.25638
-80.14989
-110.558
-153.9971
-181.2919
-206.3583
-229.0642
-250.6607
-271.2559
-280.6835
-288.0771
-297.7607
-303.1673
-310.7207
-325.0952
-333.1963
-349.5184
-327.6989
-335.8399
-334.0949
-332.1742
-327.3336
-319.8413
-316.2726
-309.318
-304.0389
-295.747
-286.0694
-278.0843
-264.4593
-246.0895
-227.8738
-209.3122
-169.0143
-122.4762
-37.04775
5.934473
91.88339
136.8308
190.0378
223.8118
241.9879
253.14
275.389
286.371
255.5313
252.0984
246.3882
234.4219
214.3956
189.8727
144.7449
104.9684
49.21999
-12.00219
-53.81302
-104.5218
-131.9945
-175.7848
-207.1508
-236.0564
-262.8355
-278.598
-288.9961
-296.2504
-296.5924
-301.8564
-302.0697
-304.8892
-306.462
-319.1865
-320.725
-320.6683
-326.4352
-332.7372
-324.082
-317.4203
-313.5857
-313.8777
-311.6053
-344.1835
-344.1835
-344.1835
-344.1835
-344.1835
-344.1835
-344.1835
-344.1835
-344.1835
-344.1835
-344.1835
-344.1835
-344.1835
-344.1835
-344.1835
-344.1835
-344.1835
-344.1835
-344.1835
-344.1835
-344.1835
-344.1835
-344.1835
-344.1835
-344.1835
127.5899
117.6895
101.3499
65.33948
33.08932
-1.089752
-38.67291
-75.69419
-104.0189
-144.3299
-174.2954
-194.5612
-219.9761
-238.5168
-251.877
-260.9213
-266.67
-273.6929
-278.5892
-277.3738
-281.6515
-288.6414
-265.1348
-272.0875
-279.1395
-285.9995
-281.363
-278.8543
-276.6472
-278.9518
-280.0329
-245.5085
-245.5085
-253.5086
-253.5086
-251.2386
-251.2386
-234.4269
-234.4269
-200.5637
-200.5637
-147.8821
-147.8821
-147.8821
-147.8821
-147.8821
-147.8821
-147.8821
-147.8821
-147.8821
-147.8821
-147.8821
-147.8821
-147.8821
-147.8821
-147.8821
-147.8821
-147.8821
-147.8821
-147.8821
