50.0538
45.39699
37.05683
27.5544
17.92408
-0.286605
-21.9745
-64.53328
-99.16835
-123.0433
-157.2046
-211.3
-211.3
-268.308
-296.5806
-317.388
-328.0771
-325.7174
-311.2245
-284.8032
-252.5195
-214.7948
-172.4799
-143.1133
-101.2127
-54.08264
-8.843312
48.13717
89.55565
124.1898
150.7455
170.2376
184.2846
190.46
194.464
191.7868
185.9498
168.5843
149.7615
130.5474
108.4299
70.84512
8.751842
-28.32963
-63.38066
-92.12257
-126.734
-157.057
-179.4115
-197.1959
-210.3774
-216.7765
-220.8841
-222.2918
-222.6322
-223.5701
-223.8406
-223.4867
-223.3629
-224.0235
80.32107
80.1481
75.4926
68.20855
59.83758
39.72896
22.37773
2.937385
-33.7664
-82.94262
-111.6498
-145.2097
-194.3995
-228.8302
-240.2986
-272.3588
-297.688
-314.8558
-318.5127
-311.1665
-291.2961
-267.3877
-234.9274
-197.3031
-158.2846
-125.2037
-85.65565
-40.33965
5.274295
58.59167
103.1236
139.4748
172.9386
200.4531
220.3524
233.7328
240.2588
242.8606
237.5966
227.3339
214.5563
197.0825
176.7877
146.3905
114.5687
57.23426
11.66365
-47.41759
-82.22336
-117.743
-160.5244
-190.7336
-214.1952
-229.8775
-239.7547
-245.6112
-247.985
-248.5614
-247.2029
-245.4966
127.4153
127.4098
126.2338
123.0472
119.4908
110.5619
100.588
90.7308
62.5978
25.75694
-16.95982
-47.57031
-99.24592
-153.1388
-197.8491
-225.655
-244.8586
-257.5789
-261.5185
-261.2476
-253.6308
-239.3893
-225.7649
-209.3092
-194.0178
-175.8456
-156.2562
-137.2337
-116.0218
-93.96304
19.90525
19.90525
99.85872
136.2424
164.3639
190.8607
211.2355
227.4508
236.4153
242.3329
241.847
244.0408
240.4718
229.0383
215.8058
198.3821
179.0027
158.5695
137.6268
113.7733
60.80266
-3.639842
-50.144
-50.144
-136.5881
-177.8038
-215.0653
-245.5577
-267.5084
-281.6328
133.2063
133.0401
129.5085
130.0531
125.829
115.0397
102.175
62.26759
27.13154
-7.351249
-62.29403
-100.9167
-174.0181
-214.3222
-245.7097
-287.1804
-317.7219
-336.9469
-343.7757
-340.7793
-326.0557
-304.7231
-273.4017
-237.7507
-194.9918
-159.5531
-116.5536
-70.65077
-15.97538
38.64993
83.4882
123.7401
158.8028
182.0976
202.1437
216.464
217.0529
218.4261
214.5494
207.5462
191.7704
168.1246
150.843
126.11
57.49268
11.33643
-40.74334
-40.74334
-118.2769
-164.785
-200.3496
-226.4886
-245.2096
-257.2634
-264.9116
-266.3575
-266.3599
-266.838
-263.9726
-261.0588
108.3678
107.6291
108.5044
108.3669
106.7086
103.2729
101.5302
99.74354
89.81705
75.51747
50.82854
12.39957
-23.50876
-89.45776
-126.6779
-183.9268
-217.7505
-249.483
-281.0604
-306.6737
-319.9773
-325.5541
-322.6484
-313.5707
-299.8996
-280.2193
-249.7436
-216.1559
-177.0035
-149.3107
-102.6048
-52.44219
0.569284
51.59848
100.5965
146.6695
181.1132
207.0531
226.817
237.6787
244.3575
242.8442
244.0982
242.1473
231.7571
207.8295
180.1753
152.2332
122.7336
70.41898
-4.577844
-53.48578
-105.3372
-146.2236
-186.9939
-216.7547
-238.6755
-253.7872
-262.257
-267.0356
132.3989
128.9307
127.3897
125.1945
123.2163
114.4243
108.5446
99.86559
67.80733
35.51018
1.085071
-52.62494
-100.1567
-141.6217
-188.8649
-208.0683
-232.3112
-254.5004
-270.8952
-278.3465
-283.1083
-279.2071
-267.2622
-250.7619
-226.1005
-194.9105
-160.0039
-131.256
-88.69591
-42.95904
15.12426
65.64893
106.2802
142.0245
173.0453
196.7645
214.2326
225.2962
229.006
230.0638
225.2477
218.1483
205.8949
190.2794
176.2581
163.458
143.3533
110.777
46.30838
-4.074922
-48.61089
-84.54042
-120.2281
-155.0658
-192.9463
-220.7969
-245.1569
-260.7385
-272.1682
-280.4693
53.44216
33.66519
13.42094
-9.417118
-42.83899
-71.89275
-105.8319
-138.3788
-173.0954
-224.2274
-254.4912
-278.8667
-322.8842
-363.0049
-398.222
-428.8889
-454.3668
-466.4511
-471.9646
-472.0283
-461.6258
-442.6902
-411.4207
-369.3326
-320.2567
-264.1262
-202.952
-134.9625
-71.66811
-48.40028
0.925131
55.55148
89.06761
115.5876
132.1451
140.311
142.117
140.6189
129.4931
115.0114
98.90273
65.06369
28.69336
-16.8446
-45.61351
-87.61588
-136.0682
-168.8855
-216.9549
-265.704
-305.5005
-332.433
-349.7931
-361.9898
-371.4045
-374.8827
-375.9613
-376.3954
-374.2157
-371.9636
119.7353
119.2047
119.4729
119.4184
117.1881
116.3444
115.7854
113.7604
110.7234
105.3577
79.30826
55.97034
25.25205
-29.41174
-69.36578
-112.4949
-157.5
-174.914
-203.3112
-235.6461
-262.6767
-283.8846
-296.4915
-299.1795
-291.5482
-274.9451
-249.1625
-214.5818
-172.9787
-130.0374
-80.00879
-25.99318
-2.690661
46.22111
84.34203
121.7917
154.1333
181.5966
196.9891
212.6079
220.6542
225.1722
224.848
223.3865
217.5248
206.7177
192.5678
170.3929
147.0321
116.8851
44.47111
-22.10617
-58.99843
-116.3031
-173.7115
-214.6505
-240.4286
-258.6408
-276.8734
-285.5117
118.0002
120.6284
120.1726
116.6533
108.9783
92.77344
52.26696
22.00869
-34.36924
-80.91947
-126.412
-169.5186
-196.324
-220.3135
-251.5546
-274.4066
-292.0433
-299.6945
-300.5149
-294.0369
-279.0731
-258.0386
-226.4626
-189.0282
-149.4997
-104.6108
-65.79576
-14.8599
36.43975
84.30482
129.8926
161.6807
190.6479
210.6097
225.9531
251.681
251.681
251.681
251.681
251.681
251.681
251.681
251.681
251.681
251.681
251.681
251.681
251.681
251.681
251.681
251.681
251.681
251.681
251.681
251.681
251.681
251.681
251.681
251.681
251.681
134.6671
129.6737
120.9088
77.94892
52.745
21.45701
-18.36781
-67.87366
-104.5655
-143.6424
-175.8097
-182.9581
-197.1262
-210.1083
-214.0454
-211.8263
-203.2763
-189.5593
-170.3904
-146.9813
-119.9439
-95.80534
-80.29003
-47.01214
-6.32836
34.06993
80.12997
111.0969
140.0493
169.6162
196.6976
196.0311
196.0311
220.0187
220.0187
219.3042
219.3042
208.2033
208.2033
195.1219
195.1219
173.1064
173.1064
173.1064
173.1064
173.1064
173.1064
173.1064
173.1064
173.1064
173.1064
173.1064
173.1064
173.1064
173.1064
173.1064
173.1064
173.1064
173.1064
173.1064
