1248.827
1241.615
1235.326
1225.805
1208.024
1187.456
1172.413
1171.808
1170.016
1149.547
1130.021
1165.945
1165.945
1137.41
1124.155
1124.34
1128.56
1127.658
1122.1
1118.226
1112.582
1106.906
1098.108
1149.728
1163.15
1161.993
1162.207
1151.864
1162.076
1174.066
1184.494
1194.602
1200.738
1205.52
1204.32
1200.668
1191.015
1186.044
1177.661
1162.85
1146.931
1144.27
1172.824
1174.157
1179.183
1118.363
1138.188
1147.954
1169.31
1190.495
1199.564
1207.004
1214.058
1217.612
1219.127
1219.043
1218.752
1217.546
1219.159
1219.587
1309.556
1303.439
1295.622
1286.683
1273.709
1259.854
1239.841
1216.47
1201.769
1196.5
1179.327
1157.52
1177.81
1145.546
1110.586
1119.082
1116.69
1119.044
1120.401
1115.705
1110.737
1104.955
1102.073
1098.573
1091.186
1111.009
1139.967
1155.383
1154.69
1151.105
1164.263
1181.87
1199.454
1216.604
1230.344
1241.597
1248.403
1251.329
1247.819
1239.879
1228.044
1215.3
1198.983
1192.193
1179.604
1183.25
1170.945
1170.899
1120.763
1121.235
1140.857
1157.524
1171.709
1186.028
1198.677
1206.002
1211.029
1211.388
1212.461
1216.117
1310.28
1309.605
1308.107
1304.128
1297.59
1289.879
1274.324
1254.162
1232.084
1208.495
1187.219
1156.961
1155.555
1165.763
1250.299
1275.641
1289.34
1300.154
1312.912
1324.968
1339.355
1362.114
1384.295
1391.01
1389.943
1383.679
1373.769
1365.528
1361.82
1360.436
1193
1193
1191.797
1201.072
1219.547
1235.06
1250.517
1262.948
1274.81
1279.795
1282.052
1278.74
1269.092
1259.183
1252.827
1243.531
1234.633
1220.81
1200.937
1179.788
1180.291
1192.505
1184.902
1184.902
1130.82
1142.036
1159.428
1173.552
1192.055
1207.538
1351.09
1348.206
1345.657
1339.472
1329.116
1312.284
1291.008
1280.645
1265.009
1240.753
1231.166
1214.382
1227.042
1220.646
1170.236
1184.951
1188.259
1189.083
1194.527
1196.329
1196.32
1188.222
1183.021
1175.292
1166.122
1200.427
1233.902
1241.376
1240.494
1238.703
1253.569
1269.249
1282.542
1300.908
1311.815
1320.058
1328.235
1327.416
1324.583
1316.747
1306.135
1294.86
1275.367
1252.078
1265.865
1261.479
1262.737
1262.737
1196.866
1212.265
1237.936
1254.799
1271.019
1289.081
1296.293
1305.486
1310.356
1313.122
1316.77
1319.712
1418.602
1418.299
1416.4
1413.869
1412.727
1408.54
1403.688
1394.002
1381.484
1360.225
1336.41
1322.323
1294.006
1291.295
1279.185
1280.127
1208.767
1226.674
1229.721
1227.788
1226.598
1224.394
1223.164
1220.377
1216.958
1210.563
1209.455
1200.522
1188.01
1255.293
1259.094
1265.982
1272.971
1277.252
1280.589
1287.947
1303.822
1318.115
1330.763
1343.108
1351.15
1357.574
1354.965
1347.922
1340.031
1335.563
1325.752
1306.761
1284.404
1288.244
1305.44
1304.146
1242.101
1247.558
1263.468
1276.41
1292.238
1309.136
1325.868
1333.397
1433.809
1433.367
1430.109
1426.499
1421.045
1411.026
1395.708
1376.851
1360.218
1340.602
1319.208
1306.41
1295.631
1293.313
1301.204
1225.716
1220.426
1230.906
1235.977
1238.517
1238.785
1240.811
1242.093
1237.399
1232.786
1227.449
1228.07
1275.689
1296.297
1301.356
1299.398
1301.244
1315.003
1329.52
1342.093
1354.252
1363.445
1371.067
1375.201
1374.952
1373.758
1368.115
1360.985
1353.559
1341.646
1322.7
1302.602
1290.657
1312.763
1314.849
1322.274
1300.659
1266.534
1283.586
1304.835
1327.319
1347.442
1366.635
1386.285
1402.209
1349.794
1330.881
1315.531
1298.067
1288.258
1275.184
1263.898
1247.898
1234.869
1246.355
1202.691
1185.95
1201.359
1216.118
1226.712
1237.834
1249.435
1267.566
1276.189
1274.113
1271.155
1262.528
1255.2
1242.588
1228.93
1216.619
1204.94
1200.81
1204.331
1281.66
1289.984
1285.052
1300.65
1313.393
1325.744
1333.58
1337.224
1333.312
1323.032
1310.769
1295.093
1289.556
1275.482
1278.71
1264.327
1262.729
1273.351
1196.752
1219.097
1241.515
1267.743
1293.111
1318.256
1337.337
1351.58
1362.194
1373.385
1382.179
1383.622
1381.618
1448.895
1448.055
1445.387
1444.998
1442.326
1437.817
1431.15
1420.333
1403.595
1383.659
1366.669
1343.038
1323.864
1318.975
1304.769
1301.937
1310.239
1229.944
1225.022
1237.946
1245.811
1251.296
1249.738
1250.245
1250.428
1251.591
1248.946
1243.234
1236.758
1236.87
1228.231
1233.952
1292.959
1294.057
1307.684
1317.995
1330.249
1341.221
1354.949
1362.151
1368.788
1371.073
1372.652
1369.387
1365.405
1357.518
1347.286
1330.003
1307.881
1285.026
1313.762
1312.045
1250.926
1271.087
1295.693
1327.177
1354.536
1373.195
1377.906
1386.533
1434.472
1425.242
1416.678
1405.392
1388.587
1370.241
1356.251
1334.231
1325.061
1309.883
1305.081
1302.077
1259.034
1243.735
1248.785
1255.502
1256.977
1259.426
1260.516
1259.685
1262.958
1254.214
1254.201
1239.605
1247.106
1270.536
1295.767
1302.559
1306.751
1313.69
1320.282
1336.033
1348.768
1362.261
1371.19
1362.966
1362.966
1362.966
1362.966
1362.966
1362.966
1362.966
1362.966
1362.966
1362.966
1362.966
1362.966
1362.966
1362.966
1362.966
1362.966
1362.966
1362.966
1362.966
1362.966
1362.966
1362.966
1362.966
1362.966
1362.966
1361.655
1350.019
1332.843
1330.792
1318.93
1309.485
1298.653
1307.382
1302.384
1306.814
1308.046
1249.479
1239.013
1244.428
1245.51
1244.68
1242.798
1239.548
1235.696
1227.712
1230.758
1240.663
1285.338
1289.289
1287.235
1288.426
1288.333
1303.015
1317.4
1327.529
1337.448
1374
1374
1390
1390
1402
1402
1402
1402
1396
1396
1368
1368
1368
1368
1368
1368
1368
1368
1368
1368
1368
1368
1368
1368
1368
1368
1368
1368
1368
