-105.2654
-103.5954
-99.50745
-92.4878
-80.7036
-60.18962
-29.86917
6.673462
46.29498
88.72979
126.3299
160.9811
195.9449
221.5889
249.6286
268.3743
283.077
293.7395
297.9791
292.2463
282.0084
266.0412
233.6807
207.1013
174.7747
123.5278
84.1899
37.83801
-19.12524
-35.29357
-59.45511
-80.59313
-94.77428
-95.70393
-106.321
-109.3781
-104.0526
-95.57531
-83.47243
-62.75126
-21.57543
13.3922
67.13985
118.9905
166.4523
207.755
234.4266
252.2843
267.4677
276.8122
285.7308
289.1644
292.4935
293.2854
291.9462
289.9564
285.8094
284.3005
282.6549
280.9568
-125.6634
-121.7945
-115.6332
-108.6387
-98.51254
-85.86568
-66.79993
-45.61444
-18.9925
14.33886
54.78497
93.51226
128.6254
160.3694
193.9829
220.0233
239.5797
251.1152
258.4808
263.3729
261.2781
254.2699
247.5903
236.0122
208.5245
183.9744
153.2451
117.7644
80.03291
52.5107
0.293807
-33.61816
-42.94686
-62.04608
-60.5228
-64.86597
-64.82181
-54.94233
-42.43505
-30.21345
-7.117129
21.6449
52.94003
96.01971
134.1988
179.9733
224.6901
265.7979
287.1084
300.5395
308.5486
314.6229
327.6064
332.8608
342.1237
347.4207
356.3038
363.102
368.2065
366.0473
-96.55285
-92.05631
-83.57189
-75.27338
-61.27416
-41.89617
-15.66386
16.30097
56.83743
101.3294
140.1797
174.5753
205.7888
229.4305
246.3283
255.9299
259.7794
257.0489
253.2084
240.3133
221.838
195.7101
155.7055
118.2053
81.48941
53.91374
-0.025977
-16.60264
-36.52683
-47.54805
-59.44991
-70.54521
-68.68757
-64.72962
-56.09002
-40.45576
-22.76344
-7.542423
23.83431
61.0603
117.4563
169.6874
205.7553
241.0061
270.1784
292.8358
308.3224
317.083
321.5359
312.744
310.9952
315.3744
317.5501
313.9081
312.9916
316.0977
317.4567
313.6613
310.6789
307.7592
-101.361
-85.08426
-64.43465
-42.74533
-17.64305
17.2406
49.81894
84.49535
114.0167
143.522
169.3998
193.3693
210.4921
219.5103
225.0647
228.0851
225.8587
219.4716
205.3473
185.0359
157.1149
127.4278
91.88781
60.71905
21.62593
-16.92405
-44.31199
-70.2382
-86.28428
-100.5819
-114.9924
-127.9164
-120.7419
-119.5556
-114.6465
-107.012
-96.63844
-80.83942
-60.63702
-35.59126
-1.686512
39.48891
76.81842
116.5252
162.204
200.1617
229.2329
250.8163
264.7177
277.5176
285.2971
291.3214
292.9814
296.1831
297.6418
299.2104
298.9701
299.5508
298.0965
296.4568
-59.67069
-42.91439
-23.23943
0.768206
29.96211
70.63093
106.9598
141.4105
171.6816
200.506
225.0872
240.2754
250.1899
257.1253
262.2463
264.2155
260.1028
249.1933
234.4046
208.128
177.8574
149.7441
108.5646
84.31245
56.52164
13.8839
-7.373806
-24.85687
-39.65291
-40.71355
-44.99079
-59.33644
-41.37609
-33.82164
-16.08722
5.476658
22.22497
45.17366
78.95596
119.0231
165.9176
201.9437
227.3362
244.657
261.6451
273.72
277.7491
279.0845
277.119
274.6083
274.8207
275.109
276.8875
277.1576
277.7938
279.0047
278.9981
277.9599
276.9465
277.3378
-86.05015
-79.46062
-72.31709
-60.39924
-41.32901
-19.42253
8.012932
48.41124
87.08522
125.194
162.0822
196.7081
225.6808
246.8662
265.1143
277.2448
284.802
288.9194
293.7916
294.6074
296.959
292.2569
280.7042
266.5294
242.4949
204.7828
162.2875
128.777
96.7481
64.69752
20.62415
-4.414453
-22.68642
-31.8682
-42.92864
-48.78486
-52.85222
-53.55129
-45.32756
-32.90403
-16.73793
5.731096
33.38305
60.88222
96.89211
137.328
174.9479
210.6359
235.1264
260.5472
277.944
290.3037
296.2495
301.3896
303.4413
302.8938
301.1874
300.953
302.1237
300.9924
-65.28892
-58.60608
-52.45488
-40.71954
-24.30588
-3.570211
19.00548
55.23335
88.54511
119.5647
152.3287
185.9957
222.5035
252.3174
268.1377
283.3301
293.0344
297.9019
300.9286
298.5113
293.5982
280.9771
265.9173
246.3159
211.1656
172.181
143.6142
113.6707
84.91526
49.56765
26.05635
9.180375
-9.275666
-22.85552
-28.10042
-32.55088
-30.40818
-25.15045
-17.92665
-4.398434
11.47543
39.13146
67.60673
108.3201
160.5752
196.2702
231.6369
257.6576
270.0901
285.1658
293.1568
303.1097
314.8736
318.905
321.306
322.5623
322.2485
321.7504
320.9297
318.1671
-39.75651
-38.37221
-37.53889
-35.65691
-31.10509
-21.98786
-12.48034
9.617004
39.90097
75.56233
109.9357
145.3628
182.5686
217.3557
240.4817
260.1534
271.859
280.8507
286.0681
281.3498
278.2712
269.5208
255.4462
231.9481
197.8279
171.4789
148.452
118.8179
90.99149
62.06689
39.14819
24.76239
11.31765
7.062922
2.459376
9.916988
8.817966
8.494493
12.84658
23.80564
36.7668
53.36402
76.24194
113.1169
156.1798
191.7979
229.2183
261.3699
280.7606
299.3
315.2639
323.1249
332.4041
341.2052
349.6653
355.9934
357.5596
356.7581
353.313
352.5449
-112.0826
-108.7298
-107.8572
-106.7426
-101.7154
-97.3935
-90.18082
-78.17236
-61.33537
-35.26081
7.864119
50.94711
94.12184
131.2774
163.0844
190.4935
214.1768
229.6127
239.9258
247.15
251.4228
253.0236
249.4718
240.4769
231.2097
211.0206
181.8918
135.6611
99.16786
67.88678
24.23783
-12.7796
-26.10629
-43.75328
-57.2578
-63.23589
-68.38606
-77.42773
-70.50754
-63.10169
-51.19238
-35.44802
-17.14761
2.601756
28.12768
69.58685
112.6239
159.9181
199.7155
243.6747
273.9102
302.2942
318.5142
332.3788
340.8204
345.8723
351.8064
358.3114
367.84
381.7274
-73.2269
-71.85898
-67.40977
-61.29615
-44.38721
-21.89278
5.585981
44.32522
84.26527
126.9209
167.2327
204.7197
236.1155
262.9106
281.954
293.0869
302.601
304.282
302.1085
295.7243
286.2791
271.7936
250.378
215.1591
177.7983
140.7368
105.9197
73.96876
21.85542
-9.053877
-26.37274
-42.54415
-57.18676
-64.86689
-74.06941
-63.44724
-57.67612
-43.03556
-25.07793
-3.917016
17.28561
44.72317
103.0303
157.1311
203.9229
241.767
273.8974
301.3629
320.2746
323.1232
329.3988
336.223
343.8938
349.6206
350.9691
352.0682
349.644
349.166
341.8067
335.4448
