139.0509
140.4945
141.5072
140.8735
140.8744
140.1157
138.9511
133.3832
134.0405
129.1491
127.1162
128.986
129.6645
128.9709
125.6917
123.2507
121.1712
115.4446
113.0867
104.0151
89.15675
67.78446
27.29395
-1.486076
-36.16224
-101.1047
-145.5515
-197.6181
-240.3542
-254.4814
-267.9126
-281.7376
-292.6487
-303.7696
-308.3867
-313.0407
-319.8058
-324.7687
-331.7483
-334.4667
-341.7817
-343.8795
-346.0851
-347.4305
-343.8971
-346.328
-347.5812
-348.8579
-348.9471
-349.8243
-348.6031
-349.291
-350.6176
-350.5742
-352.0779
-353.0602
-356.5999
-357.5632
-357.9213
-358.6812
124.8494
125.975
125.3064
125.3774
123.0226
123.0956
126.1702
125.1145
123.5218
123.7486
123.6239
121.0694
119.0053
115.2208
114.1698
112.1579
100.862
98.23782
91.89146
90.4267
86.19309
74.6717
57.88174
35.45474
9.254589
-18.59254
-53.25402
-97.38899
-140.5392
-184.8906
-226.4717
-249.451
-254.9354
-272.2886
-279.1747
-281.9844
-288.0473
-293.747
-297.4975
-300.0345
-302.0656
-306.6301
-311.5565
-311.6664
-317.3293
-324.8665
-331.3739
-337.7243
-340.9034
-346.9038
-349.8965
-353.4229
-353.8356
-352.3635
-359.0569
-359.9299
-362.6902
-365.0498
-367.4701
-369.446
116.661
116.4719
115.3142
114.1051
113.9501
114.2339
114.6285
112.7798
111.0666
107.9115
109.2797
108.1699
107.2466
97.85442
90.99154
82.71533
80.21123
71.0997
61.34869
41.10871
18.45864
-17.8834
-67.38568
-116.8662
-173.9845
-206.7034
-254.3503
-265.2013
-285.3622
-292.128
-299.3358
-306.181
-313.4992
-317.7828
-320.3224
-321.9312
-324.409
-325.2329
-326.5833
-330.093
-337.3613
-343.5005
-353.3421
-359.5846
-363.3135
-366.7016
-367.21
-368.0889
-368.6172
-369.2643
-370.8954
-370.6846
-370.1466
-370.9177
-373.1972
-371.9365
-371.2743
-369.1073
-367.6987
-363.918
116.1555
117.6069
117.479
116.1229
117.1782
112.0443
109.9527
113.3079
112.9887
112.6619
110.5328
105.3713
98.15661
91.97892
85.4996
79.83689
73.28204
65.48467
44.65132
24.36041
-8.443494
-39.68283
-73.95643
-122.9368
-167.8675
-192.1586
-225.8821
-253.3509
-263.7549
-269.2902
-276.3864
-276.6904
-280.8753
-283.2587
-288.6249
-292.3145
-295.4692
-296.0927
-296.0555
-296.4937
-298.0793
-299.2998
-296.6616
-293.4129
-293.6526
-294.504
-294.1919
-294.0968
-294.8652
-299.136
-301.9687
-303.0203
-305.0325
-305.7364
-306.3482
-306.6066
-307.3664
-307.6809
-307.9241
-308.2047
119.3968
118.2577
117.4309
116.0758
113.3069
115.4243
116.6812
115.879
115.7365
114.7747
114.3411
111.2558
105.4395
96.62874
89.55207
79.60701
70.58753
48.01141
27.19474
-8.739725
-44.45669
-87.01176
-134.2576
-181.4071
-212.2543
-247.9973
-263.5412
-276.0757
-287.3061
-292.7664
-300.6126
-306.4182
-307.5309
-309.3444
-309.8579
-309.9772
-312.7311
-313.6379
-314.8784
-316.7613
-320.9215
-325.0291
-328.9914
-331.6704
-336.7
-342.4657
-344.4619
-346.8333
-349.9802
-353.0893
-355.4135
-356.0493
-356.5751
-358.0616
-357.8228
-358.4429
-357.9341
-358.804
-358.5164
-358.9418
70.17834
70.51354
71.64056
71.45849
67.4487
67.21183
66.88575
57.95888
57.47327
61.57583
63.76749
60.71502
56.28059
54.36631
49.26883
46.44941
43.33784
40.08331
37.15684
31.39062
24.72744
12.53971
-12.19032
-37.28618
-72.57234
-115.758
-157.729
-193.3511
-229.9673
-263.041
-285.5057
-302.7446
-316.7993
-324.829
-331.0461
-335.5348
-339.7852
-344.3566
-345.0491
-344.4352
-345.1573
-346.1162
-343.5451
-346.3407
-346.6769
-346.8788
-347.5826
-353.9323
-355.268
-356.6932
-356.8045
-356.2422
-357.6701
-356.2941
-357.1426
-358.7898
-360.265
-360.4577
-361.2081
-361.8249
30.73061
27.95778
28.74584
27.55923
27.48318
27.44564
24.21114
17.17379
17.27871
18.32405
19.30494
18.0587
17.11207
14.33898
8.539265
0.11119
0.706602
-2.957925
-10.49629
-21.46658
-33.61937
-54.78828
-78.98821
-102.9619
-143.7988
-179.1961
-213.4446
-240.4902
-266.2738
-295.8057
-316.2172
-333.6252
-346.1985
-355.0173
-359.8916
-363.2262
-366.3875
-366.7741
-366.8232
-367.7079
-366.2475
-368.7671
-366.1607
-367.5244
-367.3972
-369.544
-370.8808
-370.688
-372.895
-374.6014
-373.7184
-373.2928
-373.241
-376.1098
-377.2043
-379.7877
-383.4539
-384.7703
-387.3603
-388.7909
49.25347
48.83145
48.47305
47.91037
49.4803
46.04234
43.99063
44.49896
39.88384
40.58036
44.75256
50.32992
50.44665
47.84045
43.44765
40.79338
36.90114
33.75536
30.08373
17.42301
3.182771
-16.95678
-44.52375
-92.79555
-138.779
-179.7327
-220.8651
-252.7552
-277.3242
-301.2359
-322.0966
-336.7859
-347.5162
-354.2957
-358.447
-359.6688
-361.7762
-363.0235
-362.4322
-362.4017
-362.147
-361.389
-360.0188
-359.8205
-357.9202
-357.3836
-359.0052
-365.0538
-365.9073
-368.6252
-368.1759
-368.6923
-369.1047
-369.1223
-369.861
-369.3338
-370.7023
-373.2768
-375.3165
-377.2564
122.082
121.906
120.7662
119.963
120.3332
117.1235
118.2995
119.5159
119.08
120.4721
114.4603
112.7387
115.4968
115.5912
116.0195
114.8544
113.5984
110.986
107.4075
102.358
96.33025
90.85191
82.3147
60.595
32.94185
3.801781
-37.16059
-99.67065
-138.4985
-185.593
-209.7863
-245.1425
-255.17
-266.3351
-280.2303
-285.3038
-289.3387
-298.7659
-298.2969
-296.6576
-293.7518
-295.5353
-297.0439
-300.0886
-303.9548
-304.6405
-300.0487
-296.4386
-295.7021
-296.6435
-299.0294
-300.3596
-300.8992
-302.6578
-305.3144
-304.8782
-302.9388
-303.7856
-304.1149
-306.2897
103.3269
102.626
102.8562
103.649
99.00352
96.27966
92.95557
91.83657
92.44289
90.27175
90.52955
90.74053
90.66905
88.47345
82.90393
75.22171
71.88032
64.63933
55.4081
39.79244
17.03844
-9.342793
-38.78166
-97.41365
-138.0324
-183.2473
-226.3324
-262.8404
-298.341
-312.3242
-321.8214
-332.032
-340.2983
-344.1051
-343.57
-350.4244
-352.4157
-352.1379
-349.2379
-345.5885
-343.0992
-346.0158
-346.7786
-348.846
-347.3763
-350.6796
-350.4296
-354.1332
-355.598
-355.6699
-356.9344
-354.7977
-354.4803
-357.0129
-361.2312
-364.6207
-367.419
-371.0222
-372.9913
-375.3232
