1226.792
1225.559
1223.606
1220.886
1217.04
1211.496
1205.269
1200.211
1197.015
1194.899
1193.186
1193.252
1195.593
1199.303
1202.876
1205.204
1206.851
1207.51
1202.553
1192.614
1181.01
1168
1153.668
1136.049
1117.925
1124.02
1122.122
1127.359
1133.671
1108.195
1096.181
1091.224
1085.776
1083.94
1082.247
1081.881
1087.291
1083.027
1075.069
1067.623
1060.609
1051.186
1044.789
1043.248
1042.946
1052.02
1064.875
1077.612
1094.355
1110.356
1119.692
1124.272
1133.225
1140.213
1144.559
1145.281
1146.234
1147.682
1148.469
1145.899
1223.245
1223.293
1220.965
1219.226
1218.229
1216.24
1212.54
1209.536
1207.135
1202.954
1200.579
1197.664
1194.864
1191.685
1189.874
1187.999
1191.406
1191.327
1191.065
1188.943
1182.184
1175.217
1168.057
1158.24
1143.913
1130.513
1119.932
1121.067
1112.678
1115.957
1117.722
1109.855
1081.606
1087.451
1078.725
1066.821
1069.453
1071.025
1069.161
1067.073
1057.352
1055.427
1058.375
1056.355
1058.909
1075.006
1087.246
1104.726
1123.862
1145.071
1163.073
1177.37
1176.363
1174.279
1188.607
1188.085
1190.204
1189.141
1191.605
1191.132
1215.067
1212.764
1208.966
1203.927
1198.85
1193.298
1186.097
1180.63
1174.886
1170.33
1164.064
1160.446
1158.765
1162.319
1163.138
1164.321
1162.745
1159.034
1149.998
1136.758
1118.801
1103.774
1094.786
1089.951
1099.88
1084.242
1099.426
1070.504
1078.557
1059.089
1047.913
1043.507
1044.822
1046.015
1041.155
1038.236
1038.266
1034.65
1028.554
1027.635
1033.791
1043.575
1058.979
1076.993
1092.233
1106.318
1121.979
1140.728
1157.865
1170.457
1180.818
1188.647
1194.282
1198.834
1199.953
1200.956
1199.851
1198.949
1196.853
1195.991
1221.906
1216.866
1212.255
1208.392
1205.271
1200.732
1198.057
1194.288
1192.244
1190.421
1187.752
1186.596
1186.821
1186.772
1183.575
1179.845
1172.482
1163.038
1150.531
1135.971
1125.367
1112.635
1104.227
1105.176
1117.003
1109.108
1117.849
1124.148
1117.666
1113.197
1107.738
1097.406
1074.667
1067.837
1068.57
1069.727
1063.258
1056.314
1052.051
1043.739
1038.854
1036.581
1033.194
1029.248
1036.953
1048.464
1057
1068.938
1081.251
1096.544
1111.717
1122.651
1130.377
1134.043
1136.674
1137.109
1138.28
1139.313
1140.761
1141.802
1225.802
1220.958
1215.62
1210.849
1207.817
1202.329
1196.992
1193.505
1191.408
1189.526
1191.362
1194.243
1194.223
1195.646
1192.307
1185.924
1176.275
1165.149
1150.773
1138.435
1123.889
1116.183
1111.589
1117.544
1105.02
1103.622
1093.771
1088.104
1084.585
1080.903
1082.215
1086.351
1078.716
1072.576
1070.032
1066.871
1068.124
1068.2
1067.926
1067.339
1078.3
1086.182
1101.089
1111.366
1123.777
1134.708
1142.32
1151.311
1157.969
1163.271
1167.062
1170.805
1172.215
1173.146
1174.384
1174.574
1176.395
1179.774
1181.844
1183.266
1228.357
1226.75
1225.398
1222.81
1221.109
1218.469
1216.125
1213.619
1210.431
1206.126
1203.388
1203.188
1206.822
1209.418
1212.983
1214.174
1216.061
1214.815
1212.739
1208.048
1199.234
1189.34
1177.582
1162.671
1149.124
1137.404
1128.13
1122.451
1114.809
1109.179
1101.867
1091.555
1090.625
1083.093
1088.032
1093.581
1100.269
1100.445
1091.29
1088.683
1086.914
1080.367
1079.866
1083.246
1084.642
1086.729
1095.802
1112.177
1122.784
1140.117
1153.542
1162.511
1173.543
1182.566
1189.749
1194.894
1198.549
1201.631
1203.59
1203.569
1173.635
1172.529
1170.115
1168.043
1164.319
1161.025
1158.549
1156.889
1156.517
1154.962
1153.429
1152.547
1153.777
1156.659
1161.639
1168.574
1168.588
1168.495
1167.563
1163.676
1154.268
1143.204
1127.948
1109.202
1100.434
1091.415
1078.398
1060.354
1053.584
1048.235
1048.222
1049.808
1051.073
1054.558
1057.688
1058.603
1053.19
1051.565
1051.203
1050.129
1049.854
1050.676
1049.291
1051.361
1056.21
1067.786
1079.789
1094.319
1118.751
1141.395
1160.254
1165.393
1169.379
1174.121
1178.249
1181.897
1180.097
1181.452
1180.238
1182.715
1214.982
1213.944
1214.049
1213.191
1211.652
1207.37
1203.663
1197.851
1191.73
1186.333
1181.057
1175.402
1172.266
1173.915
1176.222
1176.815
1176.287
1175.222
1171.687
1165.286
1154.932
1142.188
1126.944
1119.427
1112.47
1098.135
1089.049
1075.231
1062.626
1056.199
1056.008
1060.219
1064.428
1064.702
1065.741
1061.923
1058.534
1055.038
1055.36
1058.421
1061.054
1068.083
1068.317
1069.28
1072.359
1077.447
1090.789
1109.337
1125.466
1143.947
1161.33
1174.871
1182.927
1186.956
1188.121
1188.375
1188.611
1189.439
1193.771
1197.928
1222.919
1221.773
1222.524
1221.338
1219.894
1218.724
1217.053
1212.42
1209.2
1204.765
1201.156
1197.675
1193.674
1192.354
1191.543
1194.468
1195.57
1196.442
1197.917
1196.545
1194.58
1188.893
1178.73
1166.796
1152.088
1129.676
1113.097
1118.188
1106.725
1116.064
1096.644
1107.685
1096.104
1089.912
1097.65
1095.361
1092.827
1103.884
1104.309
1092.32
1086.337
1085.306
1087.608
1082.68
1082.524
1079.916
1075.273
1074.522
1078.845
1090.776
1105.438
1119.576
1128.057
1141.727
1154.806
1161.223
1163.507
1166.899
1170.458
1173.751
1227.834
1228.009
1227.133
1228.376
1227.712
1227.478
1226.405
1223.917
1223.036
1225.149
1224.792
1226.012
1228.078
1230.653
1233.436
1234.91
1234.912
1233.539
1228.317
1218.365
1204.327
1185.294
1165.439
1156.71
1141.834
1132.485
1129.807
1120.453
1126.569
1112.807
1100.663
1095.495
1094.686
1091.723
1087.258
1091.918
1095.144
1089.542
1085.202
1082.831
1086.65
1092.597
1094.977
1101.362
1106.567
1119.035
1131.004
1144.795
1157.999
1164.54
1184.836
1187.624
1189.766
1190.981
1192.447
1194.057
1192.07
1194.63
1197.07
1198.729
